timestamp,Open,High,Low,Close,Volume,Return,VIX,Symbol,Company
2019-04-17,57.5217,57.5217,57.5217,57.5217,11163.0,,12.600000381469727,0A0D.LON,0A0D.LON
2019-04-18,55.9229,55.9229,55.9229,55.9229,71272.0,-0.027794727902687222,12.09000015258789,0A0D.LON,0A0D.LON
2019-06-20,57.0109,57.0109,57.0109,57.0109,1571.0,0.0194553572865499,14.75,0A0D.LON,0A0D.LON
2019-06-26,57.8477,57.9634,57.8477,57.9634,4168.0,0.01670733140504721,16.209999084472656,0A0D.LON,0A0D.LON
2019-06-27,58.623,58.623,58.623,58.623,3402.0,0.011379594709765017,15.819999694824219,0A0D.LON,0A0D.LON
2019-06-28,59.972,60.092,59.972,60.092,6450.0,0.025058424167988758,15.079999923706055,0A0D.LON,0A0D.LON
2019-08-21,59.8186,59.8186,59.8186,59.8186,143540.0,-0.004549690474605517,15.800000190734863,0A0D.LON,0A0D.LON
2019-08-27,57.1565,57.1565,57.1565,57.1565,12488.0,-0.0445028803750005,20.309999465942383,0A0D.LON,0A0D.LON
2019-09-17,59.0794,59.0794,59.0794,59.0794,80136.0,0.03364271780112493,14.4399995803833,0A0D.LON,0A0D.LON
2019-09-23,58.9871,58.9871,58.9871,58.9871,100041.0,-0.0015623042888045502,14.90999984741211,0A0D.LON,0A0D.LON
2019-10-24,57.7858,57.7906,57.7747,57.7906,324914.0,-0.020284096014213326,13.710000038146973,0A0D.LON,0A0D.LON
2019-11-05,58.4868,58.4868,58.2043,58.2043,316926.0,0.007158603648344197,13.100000381469727,0A0D.LON,0A0D.LON
2019-11-06,58.2408,58.2408,58.2408,58.2408,214025.0,0.0006271014340863967,12.619999885559082,0A0D.LON,0A0D.LON
2019-11-07,58.4237,58.4237,58.3489,58.3489,483062.0,0.0018560871416601898,12.729999542236328,0A0D.LON,0A0D.LON
2019-11-08,58.1044,58.1044,58.1044,58.1044,164839.0,-0.0041903103571789835,12.069999694824219,0A0D.LON,0A0D.LON
2019-11-11,58.0995,58.0995,57.9679,57.9803,162785.0,-0.0021358107131301818,12.6899995803833,0A0D.LON,0A0D.LON
2020-01-23,60.242,60.242,60.242,60.242,84.0,0.03900807688128549,12.979999542236328,0A0D.LON,0A0D.LON
2020-02-06,59.0309,59.0309,59.0309,59.0309,188096.0,-0.020103914212675433,14.960000038146973,0A0D.LON,0A0D.LON
2020-02-10,59.6782,59.6782,59.6782,59.6782,90.0,0.010965443521951945,15.039999961853027,0A0D.LON,0A0D.LON
2020-03-11,51.4859,51.5116,51.4859,51.5116,27918.0,-0.13684393966305952,53.900001525878906,0A0D.LON,0A0D.LON
2020-03-16,43.2202,43.2202,43.2202,43.2202,457.0,-0.16096180277840333,82.69000244140625,0A0D.LON,0A0D.LON
2020-04-01,48.6987,48.6987,48.6987,48.6987,341.0,0.1267578585938982,57.060001373291016,0A0D.LON,0A0D.LON
2020-04-02,47.9345,47.9345,47.522,47.522,54586.0,-0.02416286266368517,50.90999984741211,0A0D.LON,0A0D.LON
2020-04-03,48.313,48.313,48.313,48.313,195.0,0.016644922351752856,46.79999923706055,0A0D.LON,0A0D.LON
2020-04-16,48.9721,48.9721,48.9721,48.9721,1517.0,0.013642290894790188,40.11000061035156,0A0D.LON,0A0D.LON
2020-04-17,50.3019,50.3019,49.6086,49.6086,43786.0,0.012997196362827035,38.150001525878906,0A0D.LON,0A0D.LON
2020-04-22,50.3742,50.3742,50.3742,50.3742,509540.0,0.015432808021189848,41.97999954223633,0A0D.LON,0A0D.LON
2020-04-23,51.841,51.841,51.841,51.841,230709.0,0.029118080287131143,41.380001068115234,0A0D.LON,0A0D.LON
2020-04-29,51.7442,51.7442,51.7442,51.7442,250.0,-0.0018672479311742096,31.229999542236328,0A0D.LON,0A0D.LON
2020-04-30,51.4715,51.4715,51.4715,51.4715,181443.0,-0.005270155882205141,34.150001525878906,0A0D.LON,0A0D.LON
2020-05-06,50.154,50.154,50.154,50.154,926172.0,-0.025596689430072872,34.119998931884766,0A0D.LON,0A0D.LON
2020-05-22,59.9229,59.9229,59.9229,59.9229,91.0,0.19477808350281123,28.15999984741211,0A0D.LON,0A0D.LON
2020-05-27,58.4104,58.4201,58.4104,58.4201,214.0,-0.0250788930442285,27.6200008392334,0A0D.LON,0A0D.LON
2020-06-03,61.4173,61.4173,61.4173,61.4173,354.0,0.05130426000640198,25.65999984741211,0A0D.LON,0A0D.LON
2020-06-12,55.6481,55.6481,55.6481,55.6481,58.0,-0.09393444518075522,36.09000015258789,0A0D.LON,0A0D.LON
2020-06-24,55.4141,55.4141,55.4141,55.4141,25.0,-0.004204995318798033,33.84000015258789,0A0D.LON,0A0D.LON
2020-07-29,55.0986,55.0986,55.0986,55.0986,81.0,-0.005693496781505103,24.100000381469727,0A0D.LON,0A0D.LON
2020-08-20,53.6385,53.6385,53.6385,53.6385,76475.0,-0.026499765874268943,22.719999313354492,0A0D.LON,0A0D.LON
2020-09-15,52.4341,52.4341,52.1527,52.1527,4031.0,-0.027700252617056775,25.59000015258789,0A0D.LON,0A0D.LON
2020-09-16,52.8485,52.8485,52.8485,52.8485,3000.0,0.013341591135262343,26.040000915527344,0A0D.LON,0A0D.LON
2020-09-17,52.8169,53.996,52.8169,53.9869,3800.0,0.021540819512379628,26.459999084472656,0A0D.LON,0A0D.LON
2020-09-18,53.9816,54.2181,53.9634,54.1999,3036.0,0.003945401569640072,25.829999923706055,0A0D.LON,0A0D.LON
2020-09-22,52.9971,52.9971,52.9971,52.9971,400.0,-0.022191922863326274,26.860000610351562,0A0D.LON,0A0D.LON
2020-09-25,52.1494,52.1494,52.0054,52.0054,1040.0,-0.01871234463772553,26.3799991607666,0A0D.LON,0A0D.LON
2020-09-28,53.0426,53.0658,53.0056,53.0056,409.0,0.019232618151191927,26.190000534057617,0A0D.LON,0A0D.LON
2020-09-30,52.3504,52.3688,52.3228,52.3228,513.0,-0.012881657787101708,26.3700008392334,0A0D.LON,0A0D.LON
2020-10-01,53.3137,53.3137,52.8741,52.8741,9800.0,0.010536515629897547,26.700000762939453,0A0D.LON,0A0D.LON
2020-10-02,52.1548,52.305,52.1548,52.305,4458.0,-0.010763303772546418,27.6299991607666,0A0D.LON,0A0D.LON
2020-10-05,52.927,52.927,52.744,52.744,2602.0,0.008393079055539543,27.959999084472656,0A0D.LON,0A0D.LON
2020-10-06,53.0224,53.0361,52.963,53.0361,2954.0,0.005538070681025298,29.479999542236328,0A0D.LON,0A0D.LON
2020-10-07,52.8542,52.8725,52.8542,52.8725,2023.0,-0.003084691370594639,28.059999465942383,0A0D.LON,0A0D.LON
2020-12-14,57.4989,57.4989,57.4989,57.4989,1568.0,0.08750106388008883,24.719999313354492,0A0D.LON,0A0D.LON
2021-01-11,60.1796,60.1796,60.1796,60.1796,88.0,0.04662176145978458,24.079999923706055,0A0D.LON,0A0D.LON
2021-01-20,65.6713,65.6713,65.5244,65.5244,35412.0,0.08881414964539469,21.579999923706055,0A0D.LON,0A0D.LON
2021-01-21,65.1748,65.1748,65.1748,65.1748,187.0,-0.005335417035485901,21.31999969482422,0A0D.LON,0A0D.LON
2021-01-22,65.6487,65.6487,65.6026,65.6026,89995.0,0.006563886655578388,21.90999984741211,0A0D.LON,0A0D.LON
2021-01-27,65.614,65.614,65.614,65.614,9887.0,0.00017377360043679957,37.209999084472656,0A0D.LON,0A0D.LON
2021-02-01,65.345,65.345,65.345,65.345,166026.0,-0.004099734812692546,30.239999771118164,0A0D.LON,0A0D.LON
2021-02-16,66.45,66.64,65.94,65.94,144841.0,0.00910551687198713,21.459999084472656,0A0D.LON,0A0D.LON
2021-02-17,65.8,65.8,64.82,65.34,111478.0,-0.009099181073703333,21.5,0A0D.LON,0A0D.LON
2021-02-18,64.525,65.0,64.1,64.42,82227.0,-0.014080195898377723,22.489999771118164,0A0D.LON,0A0D.LON
2021-02-19,64.52,64.52,64.24,64.5083,79250.0,0.0013706923315741637,22.049999237060547,0A0D.LON,0A0D.LON
2021-02-22,64.25,64.8,63.82,64.32,458174.0,-0.0029190042211624245,23.450000762939453,0A0D.LON,0A0D.LON
2021-02-23,64.24,65.0,64.24,64.55,232234.0,0.0035758706467661217,23.110000610351562,0A0D.LON,0A0D.LON
2021-02-24,64.15,64.15,62.8789,62.9184,681410.0,-0.025276529821843474,21.34000015258789,0A0D.LON,0A0D.LON
2021-02-25,63.525,65.0,63.52,63.8,160331.0,0.014011799410029502,28.889999389648438,0A0D.LON,0A0D.LON
2021-02-26,62.52,63.68,62.52,62.54,140921.0,-0.019749216300940398,27.950000762939453,0A0D.LON,0A0D.LON
2021-03-01,63.6,64.32,63.6,63.92,166385.0,0.0220658778381837,23.350000381469727,0A0D.LON,0A0D.LON
2021-03-02,64.575,64.74,64.52,64.64,51158.0,0.01126408010012514,24.100000381469727,0A0D.LON,0A0D.LON
2021-03-03,64.76,64.76,63.04,64.3,77779.0,-0.005259900990099098,26.670000076293945,0A0D.LON,0A0D.LON
2021-03-04,63.5,63.5,62.58,62.8,135330.0,-0.023328149300155476,28.56999969482422,0A0D.LON,0A0D.LON
2021-03-05,62.825,63.1,62.38,62.82,33284.0,0.0003184713375796733,24.65999984741211,0A0D.LON,0A0D.LON
2021-03-08,63.4512,63.4512,62.82,63.4512,35990.0,0.010047755491881638,25.469999313354492,0A0D.LON,0A0D.LON
2021-03-09,62.94,64.52,62.94,64.34,82719.0,0.014007615301207865,24.030000686645508,0A0D.LON,0A0D.LON
2021-03-10,63.72,64.38,63.72,63.74,68175.0,-0.009325458501709738,22.559999465942383,0A0D.LON,0A0D.LON
2021-03-11,64.1,64.62,64.1,64.3,91040.0,0.008785691873234969,21.90999984741211,0A0D.LON,0A0D.LON
2021-03-12,64.52,64.52,63.72,63.72,91348.0,-0.009020217729393432,20.690000534057617,0A0D.LON,0A0D.LON
2021-03-15,63.76,63.76,63.52,63.76,133236.0,0.0006277463904582614,20.030000686645508,0A0D.LON,0A0D.LON
2021-03-16,64.58,64.58,63.76,63.88,86370.0,0.0018820577164366803,19.790000915527344,0A0D.LON,0A0D.LON
2021-03-17,63.94,63.94,63.56,63.7257,49279.0,-0.0024154664996869357,19.229999542236328,0A0D.LON,0A0D.LON
2021-03-18,63.33,63.94,63.33,63.5983,53458.0,-0.0019991934180401127,21.579999923706055,0A0D.LON,0A0D.LON
2021-03-19,63.68,63.68,63.38,63.64,185759.0,0.0006556779033402016,20.950000762939453,0A0D.LON,0A0D.LON
2021-03-22,63.12,63.8,63.12,63.1403,79597.0,-0.007851979886863591,18.8799991607666,0A0D.LON,0A0D.LON
2021-03-23,64.525,64.82,64.13,64.68,293345.0,0.024385376692857008,20.299999237060547,0A0D.LON,0A0D.LON
2021-03-24,64.44,65.9,64.44,64.8409,657310.0,0.0024876314162027846,21.200000762939453,0A0D.LON,0A0D.LON
2021-03-25,64.72,65.6,64.72,65.44,120273.0,0.009239538624540966,19.809999465942383,0A0D.LON,0A0D.LON
2021-03-26,66.14,66.14,64.84,65.22,63601.0,-0.0033618581907089995,18.860000610351562,0A0D.LON,0A0D.LON
2021-03-29,65.78,65.78,65.02,65.06,35839.0,-0.0024532352039251526,20.739999771118164,0A0D.LON,0A0D.LON
2021-03-30,66.0,66.76,65.96,66.6,133014.0,0.023670458038733244,19.610000610351562,0A0D.LON,0A0D.LON
2021-03-31,66.74,66.74,66.18,66.5736,42501.0,-0.00039639639639632573,19.399999618530273,0A0D.LON,0A0D.LON
2021-04-01,66.75,67.48,66.7,67.0279,33774.0,0.006824026340771727,17.329999923706055,0A0D.LON,0A0D.LON
2021-04-06,66.7,66.7,66.28,66.7,386819.0,-0.004891992737352635,18.1200008392334,0A0D.LON,0A0D.LON
2021-04-07,66.26,66.66,66.26,66.5219,57552.0,-0.00267016491754124,17.15999984741211,0A0D.LON,0A0D.LON
2021-04-08,66.75,67.3,66.16,67.3,55843.0,0.01169689981795452,16.950000762939453,0A0D.LON,0A0D.LON
2021-04-09,67.7,67.7,67.14,67.6,78727.0,0.004457652303120341,16.690000534057617,0A0D.LON,0A0D.LON
2021-04-12,67.801,68.34,67.801,68.32,277617.0,0.010650887573964374,16.90999984741211,0A0D.LON,0A0D.LON
2021-04-13,68.25,68.36,67.34,67.4067,75091.0,-0.013367974238875813,16.649999618530273,0A0D.LON,0A0D.LON
2021-04-14,67.82,67.82,67.4545,67.5,67311.0,0.0013841354049375365,16.989999771118164,0A0D.LON,0A0D.LON
2021-04-15,68.26,68.26,67.68,68.077,49227.0,0.008548148148148194,16.56999969482422,0A0D.LON,0A0D.LON
2021-04-16,68.4573,68.4573,67.78,67.98,35543.0,-0.0014248571470539817,16.25,0A0D.LON,0A0D.LON
2021-04-19,67.5493,68.2,67.5493,67.56,88749.0,-0.0061782877316858276,17.290000915527344,0A0D.LON,0A0D.LON
2021-04-20,67.83,67.83,67.3,67.44,91302.0,-0.001776198934280715,18.68000030517578,0A0D.LON,0A0D.LON
2021-04-21,68.25,69.06,68.16,69.06,21598.0,0.024021352313167377,17.5,0A0D.LON,0A0D.LON
2021-04-22,69.42,69.42,68.9,69.26,19562.0,0.002896032435563356,18.709999084472656,0A0D.LON,0A0D.LON
2021-04-23,69.25,69.5,68.8,69.38,100096.0,0.0017326017903549484,17.329999923706055,0A0D.LON,0A0D.LON
2021-04-26,69.5844,69.5844,69.04,69.5844,165669.0,0.002946093975209063,17.639999389648438,0A0D.LON,0A0D.LON
2021-04-27,69.72,69.72,69.1,69.18,44114.0,-0.0058116474382188255,17.559999465942383,0A0D.LON,0A0D.LON
2021-04-28,69.04,69.58,69.04,69.387,37851.0,0.002992194275802218,17.280000686645508,0A0D.LON,0A0D.LON
2021-04-29,70.0,70.12,68.9545,69.3512,57153.0,-0.0005159467911856064,17.610000610351562,0A0D.LON,0A0D.LON
2021-04-30,68.9021,68.9021,68.18,68.5,518686.0,-0.012273760223327157,18.610000610351562,0A0D.LON,0A0D.LON
2021-05-04,68.25,69.1,67.6898,67.6898,103352.0,-0.01182773722627728,19.479999542236328,0A0D.LON,0A0D.LON
2021-05-05,67.36,67.36,63.5334,63.8214,425561.0,-0.0571489352901029,19.149999618530273,0A0D.LON,0A0D.LON
2021-05-06,64.32,64.32,62.52,62.5294,1670945.0,-0.02024399339406524,18.389999389648438,0A0D.LON,0A0D.LON
2021-05-07,64.0,64.44,62.4,62.7396,314423.0,0.003361618694566193,16.690000534057617,0A0D.LON,0A0D.LON
2021-05-10,63.0,63.2,61.64,62.2501,370797.0,-0.00780208990812814,19.65999984741211,0A0D.LON,0A0D.LON
2021-05-11,61.7,61.7,60.8,61.6923,265832.0,-0.00896062817569776,21.84000015258789,0A0D.LON,0A0D.LON
2021-05-12,61.7538,61.7538,60.86,60.92,124827.0,-0.012518580114536215,27.59000015258789,0A0D.LON,0A0D.LON
2021-05-14,60.5,62.04,60.2521,60.2521,107541.0,-0.010963558765594295,18.809999465942383,0A0D.LON,0A0D.LON
2021-05-17,62.0,62.14,61.5218,62.0693,91557.0,0.03015994463263527,19.719999313354492,0A0D.LON,0A0D.LON
2021-05-18,61.64,62.38,61.64,61.8493,73131.0,-0.003544425343930069,21.34000015258789,0A0D.LON,0A0D.LON
2021-05-19,61.28,61.28,60.66,60.9988,146910.0,-0.013751166140926308,22.18000030517578,0A0D.LON,0A0D.LON
2021-05-20,62.16,62.16,61.32,61.76,63454.0,0.012478934011816545,20.670000076293945,0A0D.LON,0A0D.LON
2021-05-21,61.5,62.44,61.44,62.3902,46751.0,0.01020401554404149,20.149999618530273,0A0D.LON,0A0D.LON
2021-05-25,61.5,62.04,61.5,61.6462,86570.0,-0.011924949751723868,18.84000015258789,0A0D.LON,0A0D.LON
2021-05-26,61.78,62.82,61.78,62.64,208112.0,0.016121026113531833,17.360000610351562,0A0D.LON,0A0D.LON
2021-05-27,62.6,62.6,61.64,61.64,681843.0,-0.015964240102171123,16.739999771118164,0A0D.LON,0A0D.LON
2021-05-28,62.0,62.98,61.86,62.8494,100040.0,0.019620376378974624,16.760000228881836,0A0D.LON,0A0D.LON
2021-06-01,63.84,63.84,62.94,63.38,55653.0,0.008442403586987224,17.899999618530273,0A0D.LON,0A0D.LON
2021-06-02,63.0,63.2,62.9,62.92,29374.0,-0.007257810034711265,17.479999542236328,0A0D.LON,0A0D.LON
2021-06-03,62.0,62.9,62.0,62.44,183951.0,-0.0076287349014622086,18.040000915527344,0A0D.LON,0A0D.LON
2021-06-04,62.52,63.34,62.52,63.1832,226363.0,0.011902626521460569,16.420000076293945,0A0D.LON,0A0D.LON
2021-06-07,63.12,63.12,62.76,62.9567,20168.0,-0.0035848136846503564,16.420000076293945,0A0D.LON,0A0D.LON
2021-06-08,62.66,62.66,62.24,62.24,239254.0,-0.011384014727582548,17.06999969482422,0A0D.LON,0A0D.LON
2021-06-09,62.58,62.58,62.32,62.42,60106.0,0.002892030848329119,17.889999389648438,0A0D.LON,0A0D.LON
2021-06-10,62.5,62.82,61.9,62.46,39121.0,0.00064082024991996,16.100000381469727,0A0D.LON,0A0D.LON
2021-06-11,62.98,63.52,62.98,63.3487,131505.0,0.01422830611591408,15.649999618530273,0A0D.LON,0A0D.LON
2021-06-14,64.0,64.2,63.3082,63.9773,450156.0,0.009922855559782562,16.389999389648438,0A0D.LON,0A0D.LON
2021-06-15,63.86,64.32,63.86,64.0562,135235.0,0.0012332499183305146,17.020000457763672,0A0D.LON,0A0D.LON
2021-06-16,64.5,64.54,63.98,64.2003,70047.0,0.002249587081344151,18.149999618530273,0A0D.LON,0A0D.LON
2021-06-17,64.84,64.84,63.88,64.3,244948.0,0.0015529522447714772,17.75,0A0D.LON,0A0D.LON
2021-06-18,65.58,65.58,64.76,64.7684,162574.0,0.007284603421461977,20.700000762939453,0A0D.LON,0A0D.LON
2021-06-21,64.5,64.8,64.0,64.66,36884.0,-0.001673655671592944,17.889999389648438,0A0D.LON,0A0D.LON
2021-06-22,64.96,64.96,64.68,64.8132,44774.0,0.0023693164243736575,16.65999984741211,0A0D.LON,0A0D.LON
2021-06-23,65.38,65.38,64.18,64.8517,134783.0,0.0005940147994543121,16.31999969482422,0A0D.LON,0A0D.LON
2021-06-24,65.2,65.2,64.36,64.6466,221393.0,-0.0031626002094006234,15.970000267028809,0A0D.LON,0A0D.LON
2021-06-25,64.74,64.74,64.16,64.56,339971.0,-0.0013395909452315058,15.619999885559082,0A0D.LON,0A0D.LON
2021-06-28,65.24,65.24,64.3848,64.7798,160025.0,0.003404584882279904,15.760000228881836,0A0D.LON,0A0D.LON
2021-06-29,64.6,65.28,64.6,65.1902,781227.0,0.006335308228799796,16.020000457763672,0A0D.LON,0A0D.LON
2021-06-30,65.5,65.5,64.737,65.046,198320.0,-0.002211988918579766,15.829999923706055,0A0D.LON,0A0D.LON
2021-07-01,65.2,65.2,64.08,64.9181,434085.0,-0.001966300771761742,15.479999542236328,0A0D.LON,0A0D.LON
2021-07-02,65.75,65.78,64.72,65.032,63426.0,0.0017545183854734692,15.069999694824219,0A0D.LON,0A0D.LON
2021-07-05,64.52,65.0,64.52,64.9045,55409.0,-0.0019605732562429923,,0A0D.LON,0A0D.LON
2021-07-06,65.74,65.74,64.86,65.0984,96514.0,0.002987466200340405,16.440000534057617,0A0D.LON,0A0D.LON
2021-07-07,65.75,66.16,65.56,65.9273,109103.0,0.012733031841028364,16.200000762939453,0A0D.LON,0A0D.LON
2021-07-08,65.25,65.76,64.26,65.1885,21472.0,-0.011206283284769691,19.0,0A0D.LON,0A0D.LON
2021-07-09,64.4167,64.8,64.4167,64.4664,68281.0,-0.011077107158471433,16.18000030517578,0A0D.LON,0A0D.LON
2021-07-12,64.38,64.98,64.38,64.9735,22409.0,0.007866113200054814,16.170000076293945,0A0D.LON,0A0D.LON
2021-07-13,64.08,64.62,64.08,64.56,55554.0,-0.006364133069636013,17.1200008392334,0A0D.LON,0A0D.LON
2021-07-14,64.0,65.16,63.96,63.9801,70466.0,-0.008982342007434974,16.329999923706055,0A0D.LON,0A0D.LON
2021-07-15,63.0,63.7,62.8044,63.013,78856.0,-0.015115637518540948,17.010000228881836,0A0D.LON,0A0D.LON
2021-07-16,63.54,63.54,62.88,63.3363,91253.0,0.005130687318489979,18.450000762939453,0A0D.LON,0A0D.LON
2021-07-19,63.26,63.26,62.5,62.8537,115041.0,-0.007619643079876726,22.5,0A0D.LON,0A0D.LON
2021-07-20,63.74,63.74,62.84,63.38,105520.0,0.008373413180130962,19.729999542236328,0A0D.LON,0A0D.LON
2021-07-21,64.5,64.6,63.38,64.0514,148974.0,0.0105932470810981,17.90999984741211,0A0D.LON,0A0D.LON
2021-07-22,64.66,64.66,63.54,64.6415,95374.0,0.009212913378942478,17.690000534057617,0A0D.LON,0A0D.LON
2021-07-23,65.5188,65.5188,64.7866,65.0581,77752.0,0.006444776188671453,17.200000762939453,0A0D.LON,0A0D.LON
2021-07-26,64.0867,65.32,64.0867,64.1389,104595.0,-0.014128909390221822,17.579999923706055,0A0D.LON,0A0D.LON
2021-07-27,63.9046,64.34,63.9046,64.0091,81780.0,-0.0020237328672615407,19.360000610351562,0A0D.LON,0A0D.LON
2021-07-28,65.68,65.68,63.9904,65.6323,156519.0,0.025358894282219158,18.309999465942383,0A0D.LON,0A0D.LON
2021-07-29,65.75,66.0,65.58,65.7032,274752.0,0.0010802607862285818,17.700000762939453,0A0D.LON,0A0D.LON
2021-07-30,65.7391,66.04,65.7391,66.0035,70934.0,0.004570553641223052,18.239999771118164,0A0D.LON,0A0D.LON
2021-08-02,66.3,67.3601,66.3,67.2028,163577.0,0.018170248547425327,19.459999084472656,0A0D.LON,0A0D.LON
2021-08-03,67.34,67.34,66.5,66.72,44388.0,-0.007184224466837641,18.040000915527344,0A0D.LON,0A0D.LON
2021-08-04,67.75,67.8,66.98,67.5968,20145.0,0.013141486810551495,17.969999313354492,0A0D.LON,0A0D.LON
2021-08-05,67.25,67.7201,66.08,66.7067,52529.0,-0.013167783090323848,17.280000686645508,0A0D.LON,0A0D.LON
2021-08-06,65.75,66.38,65.6555,65.9,14210.0,-0.012093238010574492,16.149999618530273,0A0D.LON,0A0D.LON
2021-08-09,66.68,66.68,66.04,66.48,30711.0,0.008801213960546228,16.719999313354492,0A0D.LON,0A0D.LON
2021-08-10,66.75,66.88,65.82,66.48,28589.0,0.0,16.790000915527344,0A0D.LON,0A0D.LON
2021-08-11,65.75,66.76,65.56,65.56,33669.0,-0.013838748495788256,16.170000076293945,0A0D.LON,0A0D.LON
2021-08-12,65.25,65.34,64.7,64.7894,65984.0,-0.011754118364856625,15.59000015258789,0A0D.LON,0A0D.LON
2021-08-13,65.3588,65.3588,64.84,64.949,22460.0,0.002463365920968519,15.449999809265137,0A0D.LON,0A0D.LON
2021-08-16,64.5,64.78,64.1075,64.4381,75547.0,-0.007866171919506004,16.1200008392334,0A0D.LON,0A0D.LON
2021-08-17,64.3,64.64,64.3,64.4717,55248.0,0.0005214306442926642,17.90999984741211,0A0D.LON,0A0D.LON
2021-08-18,68.25,73.78,68.0,71.1897,306676.0,0.10420075785189487,21.56999969482422,0A0D.LON,0A0D.LON
2021-08-19,72.46,74.08,72.46,73.76,112836.0,0.036104942147529906,21.670000076293945,0A0D.LON,0A0D.LON
2021-08-20,73.1391,74.34,73.1391,74.0742,250028.0,0.004259761388286432,18.559999465942383,0A0D.LON,0A0D.LON
2021-08-23,74.5,74.68,74.1,74.44,59999.0,0.00493829160490411,17.149999618530273,0A0D.LON,0A0D.LON
2021-08-24,74.5,74.96,74.32,74.7574,77078.0,0.004263836646964059,17.219999313354492,0A0D.LON,0A0D.LON
2021-08-25,74.5,74.5,73.46,74.0242,59328.0,-0.009807724720228506,16.790000915527344,0A0D.LON,0A0D.LON
2021-08-26,73.76,74.64,73.76,74.64,237849.0,0.008318901116121546,18.84000015258789,0A0D.LON,0A0D.LON
2021-08-27,75.19,75.19,74.7,74.84,178954.0,0.002679528403001008,16.389999389648438,0A0D.LON,0A0D.LON
2021-08-31,75.75,75.86,75.18,75.6372,259621.0,0.010652057723142816,16.479999542236328,0A0D.LON,0A0D.LON
2021-09-01,76.25,76.56,75.86,76.26,102333.0,0.008234043565864324,16.110000610351562,0A0D.LON,0A0D.LON
2021-09-02,76.48,77.1,76.48,76.96,415675.0,0.009179124049304876,16.40999984741211,0A0D.LON,0A0D.LON
2021-09-03,77.02,77.62,77.02,77.1766,68838.0,0.002814449064449054,16.40999984741211,0A0D.LON,0A0D.LON
2021-09-06,78.6569,78.6569,77.9,78.501,134855.0,0.017160641956240674,,0A0D.LON,0A0D.LON
2021-09-07,78.4,78.4,77.88,78.1348,185740.0,-0.004664908727277428,18.139999389648438,0A0D.LON,0A0D.LON
2021-09-08,77.84,77.84,77.06,77.406,126915.0,-0.009327469962167823,17.959999084472656,0A0D.LON,0A0D.LON
2021-09-09,77.25,77.72,76.86,77.5049,66577.0,0.0012776787329147332,18.799999237060547,0A0D.LON,0A0D.LON
2021-09-10,77.4917,77.4917,76.85,77.1316,21801.0,-0.00481646966836935,20.950000762939453,0A0D.LON,0A0D.LON
2021-09-13,77.0125,78.3196,77.0125,78.3196,141244.0,0.015402247587240403,19.3700008392334,0A0D.LON,0A0D.LON
2021-09-14,77.75,79.36,77.08,79.36,733640.0,0.013284031072681834,19.459999084472656,0A0D.LON,0A0D.LON
2021-09-15,79.25,80.006,79.24,79.86,271267.0,0.006300403225806495,18.18000030517578,0A0D.LON,0A0D.LON
2021-09-16,79.668,80.24,79.668,80.1178,94515.0,0.0032281492612071805,18.690000534057617,0A0D.LON,0A0D.LON
2021-09-17,79.96,79.96,78.2,78.906,1056553.0,-0.015125228101620314,20.809999465942383,0A0D.LON,0A0D.LON
2021-09-20,76.52,78.02,76.52,77.9638,121692.0,-0.01194079030745443,25.709999084472656,0A0D.LON,0A0D.LON
2021-09-21,77.84,78.86,77.84,78.6327,56796.0,0.008579622850604984,24.360000610351562,0A0D.LON,0A0D.LON
2021-09-22,77.9,78.56,77.9,78.44,89440.0,-0.0024506344052792617,20.8700008392334,0A0D.LON,0A0D.LON
2021-09-23,79.0,79.44,79.0,79.1362,119857.0,0.0088755736868944,18.6299991607666,0A0D.LON,0A0D.LON
2021-09-24,79.25,79.42,77.9247,78.4488,117446.0,-0.00868629021863565,17.75,0A0D.LON,0A0D.LON
2021-09-27,79.02,79.02,77.22,77.5247,122887.0,-0.011779657560090251,18.760000228881836,0A0D.LON,0A0D.LON
2021-09-28,76.8646,76.8646,75.34,75.64,125427.0,-0.024310961538709486,23.25,0A0D.LON,0A0D.LON
2021-09-29,75.9,77.24,75.9,76.12,56627.0,0.0063458487572713995,22.559999465942383,0A0D.LON,0A0D.LON
2021-09-30,75.75,77.46,75.6704,76.0514,205746.0,-0.000901208617971716,23.139999389648438,0A0D.LON,0A0D.LON
2021-10-01,73.5,76.04,73.42,74.1511,130552.0,-0.024987048233168663,21.100000381469727,0A0D.LON,0A0D.LON
2021-10-04,74.0,74.16,72.12,73.4437,111011.0,-0.009539979851950875,22.959999084472656,0A0D.LON,0A0D.LON
2021-10-05,72.0,72.86,71.82,72.5712,57799.0,-0.0118798481013348,21.299999237060547,0A0D.LON,0A0D.LON
2021-10-06,72.22,72.22,71.1743,72.0567,190923.0,-0.007089589258548856,21.0,0A0D.LON,0A0D.LON
2021-10-07,73.3,73.3,72.22,73.091,117602.0,0.01435397402323435,19.540000915527344,0A0D.LON,0A0D.LON
2021-10-08,72.14,72.9,72.14,72.848,133333.0,-0.0033246227305686604,18.770000457763672,0A0D.LON,0A0D.LON
2021-10-11,72.5,73.28,72.2,73.24,333874.0,0.00538106742806943,20.0,0A0D.LON,0A0D.LON
2021-10-12,72.3,72.993,72.3,72.655,20187.0,-0.007987438558164861,19.850000381469727,0A0D.LON,0A0D.LON
2021-10-13,73.0,73.3,72.38,72.8573,41655.0,0.002784391989539614,18.639999389648438,0A0D.LON,0A0D.LON
2021-10-14,72.5,73.14,71.86,72.1083,111226.0,-0.01028036998351567,16.860000610351562,0A0D.LON,0A0D.LON
2021-10-15,73.0,73.08,72.38,72.52,46151.0,0.005709467564760207,16.299999237060547,0A0D.LON,0A0D.LON
2021-10-18,71.54,72.26,71.54,71.9998,151881.0,-0.007173193601765049,16.309999465942383,0A0D.LON,0A0D.LON
2021-10-19,72.28,74.78,72.28,74.2299,282189.0,0.030973697149158763,15.699999809265137,0A0D.LON,0A0D.LON
2021-10-20,74.5,74.98,74.22,74.66,60224.0,0.005794161112974594,15.489999771118164,0A0D.LON,0A0D.LON
2021-10-21,74.5,75.1,74.04,74.9787,135787.0,0.004268684703991443,15.010000228881836,0A0D.LON,0A0D.LON
2021-10-22,75.46,75.46,74.46,74.8475,48930.0,-0.0017498302851344238,15.430000305175781,0A0D.LON,0A0D.LON
2021-10-25,75.75,75.86,74.74,75.72,59154.0,0.01165703597314538,15.239999771118164,0A0D.LON,0A0D.LON
2021-10-26,75.75,76.82,75.6,76.48,81399.0,0.010036978341257274,15.979999542236328,0A0D.LON,0A0D.LON
2021-10-27,77.25,77.26,75.16,75.5339,104114.0,-0.012370554393305477,16.979999542236328,0A0D.LON,0A0D.LON
2021-10-28,75.36,75.78,75.36,75.78,366070.0,0.0032581397226940645,16.530000686645508,0A0D.LON,0A0D.LON
2021-10-29,75.74,75.74,74.46,75.6487,93143.0,-0.001732647136447607,16.260000228881836,0A0D.LON,0A0D.LON
2021-11-01,76.76,77.82,76.76,77.5213,172608.0,0.02475389530818095,16.40999984741211,0A0D.LON,0A0D.LON
2021-11-02,76.56,78.06,76.56,77.36,79219.0,-0.0020807184606036477,16.030000686645508,0A0D.LON,0A0D.LON
2021-11-03,77.75,79.1,77.62,78.3749,134221.0,0.013119183040330995,15.100000381469727,0A0D.LON,0A0D.LON
2021-11-04,78.18,79.5,78.18,78.8921,115574.0,0.006599051482043317,15.4399995803833,0A0D.LON,0A0D.LON
2021-11-05,78.8,78.8,78.16,78.16,109421.0,-0.009279763119501183,16.479999542236328,0A0D.LON,0A0D.LON
2021-11-08,77.92,79.06,77.92,78.8223,170374.0,0.008473643807574316,17.219999313354492,0A0D.LON,0A0D.LON
2021-11-09,77.98,79.7,77.98,79.1519,367679.0,0.004181557757132248,17.780000686645508,0A0D.LON,0A0D.LON
2021-11-10,76.25,78.86,75.52,76.9627,166011.0,-0.02765821161589299,18.729999542236328,0A0D.LON,0A0D.LON
2021-11-11,75.14,77.14,75.14,75.7676,131603.0,-0.01552830137196326,17.65999984741211,0A0D.LON,0A0D.LON
2021-11-12,75.56,75.56,74.42,74.8296,73610.0,-0.012379961883443591,16.290000915527344,0A0D.LON,0A0D.LON
2021-11-15,75.75,76.6,74.72,76.06,107939.0,0.016442691127575237,16.489999771118164,0A0D.LON,0A0D.LON
2021-11-16,75.75,77.0,75.5,76.6327,122890.0,0.00752958190901909,16.3700008392334,0A0D.LON,0A0D.LON
2021-11-17,77.26,77.84,77.26,77.5258,207834.0,0.01165429379364169,17.110000610351562,0A0D.LON,0A0D.LON
2021-11-18,77.25,78.2,76.9,77.0592,30429.0,-0.006018641536107983,17.59000015258789,0A0D.LON,0A0D.LON
2021-11-19,77.1,78.12,77.1,77.4662,108414.0,0.00528165358581445,17.90999984741211,0A0D.LON,0A0D.LON
2021-11-22,77.1344,77.1344,75.8762,76.0703,126212.0,-0.0180194717179879,19.170000076293945,0A0D.LON,0A0D.LON
2021-11-23,75.25,75.6,74.16,74.4544,71666.0,-0.021242193076667193,19.3799991607666,0A0D.LON,0A0D.LON
2021-11-24,74.0,74.66,73.66,74.3292,70104.0,-0.0016815661666739201,18.579999923706055,0A0D.LON,0A0D.LON
2021-11-25,75.25,75.34,74.66,75.0649,26265.0,0.00989785979130664,,0A0D.LON,0A0D.LON
2021-11-26,74.0,74.08,72.5,72.6473,138159.0,-0.032206797051617886,28.6200008392334,0A0D.LON,0A0D.LON
2021-11-29,73.42,73.42,72.54,72.9867,94521.0,0.0046718873240987335,22.959999084472656,0A0D.LON,0A0D.LON
2021-11-30,73.0,73.38,72.0,72.8336,91774.0,-0.002097642447185466,27.190000534057617,0A0D.LON,0A0D.LON
2021-12-01,72.5,73.58,71.66,73.38,75080.0,0.007502032029173211,31.1200008392334,0A0D.LON,0A0D.LON
2021-12-02,73.0,73.26,72.1,72.6333,222435.0,-0.010175797219950766,27.950000762939453,0A0D.LON,0A0D.LON
2021-12-03,72.9,74.38,72.9,73.3015,210848.0,0.009199637081063416,30.670000076293945,0A0D.LON,0A0D.LON
2021-12-06,73.28,74.9,73.28,74.1712,262077.0,0.011864695811136139,27.18000030517578,0A0D.LON,0A0D.LON
2021-12-07,75.25,76.78,75.04,75.9078,299122.0,0.02341340034946171,21.889999389648438,0A0D.LON,0A0D.LON
2021-12-08,77.75,78.16,77.1,77.8719,330776.0,0.02587481128421598,19.899999618530273,0A0D.LON,0A0D.LON
2021-12-09,78.38,79.04,78.38,78.9867,223646.0,0.014315818671433611,21.579999923706055,0A0D.LON,0A0D.LON
2021-12-10,76.9,78.12,76.9,77.36,71742.0,-0.020594606433741336,18.690000534057617,0A0D.LON,0A0D.LON
2021-12-13,77.25,77.78,77.18,77.3919,181401.0,0.0004123578076526968,20.309999465942383,0A0D.LON,0A0D.LON
2021-12-14,77.25,77.6,76.2,76.62,203019.0,-0.009973911998542473,21.889999389648438,0A0D.LON,0A0D.LON
2021-12-15,76.02,77.4,76.02,76.9998,429001.0,0.004956930305403118,19.290000915527344,0A0D.LON,0A0D.LON
2021-12-16,79.25,79.74,78.28,79.1074,246800.0,0.027371499666232868,20.56999969482422,0A0D.LON,0A0D.LON
2021-12-17,78.76,78.76,77.16,78.06,341629.0,-0.013240227842148733,21.56999969482422,0A0D.LON,0A0D.LON
2021-12-20,77.75,78.06,76.957,77.2,98124.0,-0.011017166282346946,22.8700008392334,0A0D.LON,0A0D.LON
2021-12-21,77.64,77.64,77.22,77.2435,135069.0,0.0005634715025906178,21.010000228881836,0A0D.LON,0A0D.LON
2021-12-22,77.75,78.52,77.32,77.6,99691.0,0.004615275071688796,18.6299991607666,0A0D.LON,0A0D.LON
2021-12-23,78.94,79.62,78.94,79.3931,112217.0,0.02310695876288671,17.959999084472656,0A0D.LON,0A0D.LON
2021-12-29,80.56,81.4,80.56,80.8935,57781.0,0.018898367742284927,16.950000762939453,0A0D.LON,0A0D.LON
2021-12-30,81.0,81.16,80.52,80.74,192359.0,-0.0018975566640089259,17.329999923706055,0A0D.LON,0A0D.LON
2022-01-04,80.42,80.42,78.7537,79.5027,124113.0,-0.01532449838989336,16.90999984741211,0A0D.LON,0A0D.LON
2022-01-05,77.75,78.96,77.6,77.7917,120882.0,-0.021521281667163494,19.729999542236328,0A0D.LON,0A0D.LON
2022-01-06,75.25,76.62,75.24,75.9133,108714.0,-0.024146534913107698,19.610000610351562,0A0D.LON,0A0D.LON
2022-01-07,75.25,75.9813,74.02,74.7387,189031.0,-0.015472914495879064,18.760000228881836,0A0D.LON,0A0D.LON
2022-01-10,73.98,73.98,71.14,71.36,106371.0,-0.045206833942789904,19.399999618530273,0A0D.LON,0A0D.LON
2022-01-11,72.0,73.42,71.5,71.74,45213.0,0.005325112107623209,18.40999984741211,0A0D.LON,0A0D.LON
2022-01-12,73.0,73.68,71.69,71.6908,188468.0,-0.0006858098689712655,17.6200008392334,0A0D.LON,0A0D.LON
2022-01-13,71.5,71.94,70.9,71.8,181310.0,0.0015232079987947955,20.309999465942383,0A0D.LON,0A0D.LON
2022-01-14,71.0,71.6,70.56,71.3013,209069.0,-0.006945682451253488,19.190000534057617,0A0D.LON,0A0D.LON
2022-01-17,72.04,72.04,70.96,71.6796,177152.0,0.005305653613608685,,0A0D.LON,0A0D.LON
2022-01-18,72.14,72.14,70.92,71.36,234118.0,-0.004458730238449893,22.790000915527344,0A0D.LON,0A0D.LON
2022-01-19,71.5,72.72,70.8433,72.042,53374.0,0.009557174887892428,23.850000381469727,0A0D.LON,0A0D.LON
2022-01-20,72.94,72.94,71.58,72.68,79242.0,0.008855945143110944,25.59000015258789,0A0D.LON,0A0D.LON
2022-01-21,70.62,71.98,70.62,71.1888,153044.0,-0.02051733626857466,28.850000381469727,0A0D.LON,0A0D.LON
2022-01-24,70.5,70.74,67.7698,69.5143,126987.0,-0.023521958510327345,29.899999618530273,0A0D.LON,0A0D.LON
2022-01-25,68.75,68.86,67.64,68.12,910484.0,-0.020057743514643733,31.15999984741211,0A0D.LON,0A0D.LON
2022-01-26,68.18,69.68,68.18,68.9113,755005.0,0.011616265413975313,31.959999084472656,0A0D.LON,0A0D.LON
2022-01-27,67.46,70.18,67.46,69.3893,104679.0,0.006936453092598827,30.489999771118164,0A0D.LON,0A0D.LON
2022-01-28,69.38,69.38,68.0,69.0659,118797.0,-0.004660660937637506,27.65999984741211,0A0D.LON,0A0D.LON
2022-01-31,69.8,71.34,69.8,70.7447,372751.0,0.024307219626472643,24.829999923706055,0A0D.LON,0A0D.LON
2022-02-01,72.12,72.12,71.32,71.6882,406759.0,0.013336688119392592,21.959999084472656,0A0D.LON,0A0D.LON
2022-02-02,72.26,72.82,72.26,72.7049,45169.0,0.014182250356404635,22.09000015258789,0A0D.LON,0A0D.LON
2022-02-03,72.0,72.48,71.06,71.06,193697.0,-0.022624334810996127,24.350000381469727,0A0D.LON,0A0D.LON
2022-02-04,71.0,71.88,70.62,70.8468,132414.0,-0.003000281452293807,23.219999313354492,0A0D.LON,0A0D.LON
2022-02-07,71.5,71.5,70.64,70.9717,127110.0,0.0017629589480399055,22.860000610351562,0A0D.LON,0A0D.LON
2022-02-08,70.88,70.88,69.62,70.68,90821.0,-0.004110088950947888,21.440000534057617,0A0D.LON,0A0D.LON
2022-02-09,72.88,72.88,71.98,72.74,1146156.0,0.029145444255800568,19.959999084472656,0A0D.LON,0A0D.LON
2022-02-10,72.0,73.06,71.72,72.36,163330.0,-0.005224085784987564,23.90999984741211,0A0D.LON,0A0D.LON
2022-02-11,71.86,71.86,71.12,71.3093,14874.0,-0.014520453289110113,27.360000610351562,0A0D.LON,0A0D.LON
2022-02-14,70.0,71.12,69.72,70.96,80286.0,-0.004898379313778123,28.329999923706055,0A0D.LON,0A0D.LON
2022-02-15,70.72,72.74,70.72,72.211,121726.0,0.01762965050732812,25.700000762939453,0A0D.LON,0A0D.LON
2022-02-16,73.5,75.72,72.56,74.5126,167366.0,0.03187326030660165,24.290000915527344,0A0D.LON,0A0D.LON
2022-02-17,74.24,74.24,71.1417,72.4538,156460.0,-0.02763022629729739,28.110000610351562,0A0D.LON,0A0D.LON
2022-02-18,71.8045,71.8045,70.38,70.9737,123073.0,-0.0204281901018305,27.75,0A0D.LON,0A0D.LON
2022-02-21,70.94,70.94,69.58,70.5023,30545.0,-0.006641896928016866,,0A0D.LON,0A0D.LON
2022-02-22,68.76,70.7,68.76,70.54,137878.0,0.0005347343278163663,28.809999465942383,0A0D.LON,0A0D.LON
2022-02-23,71.0,71.38,69.9586,70.6873,54099.0,0.002088176920895801,31.020000457763672,0A0D.LON,0A0D.LON
2022-02-24,66.75,68.92,66.64,68.3737,197155.0,-0.032730066079762477,30.31999969482422,0A0D.LON,0A0D.LON
2022-02-25,70.0,71.0,68.84,69.28,85316.0,0.01325509662340929,27.59000015258789,0A0D.LON,0A0D.LON
2022-02-28,70.0,71.34,70.0,71.08,559230.0,0.025981524249422572,30.149999618530273,0A0D.LON,0A0D.LON
2022-03-01,69.48,71.16,69.48,70.453,362712.0,-0.00882104670793471,33.31999969482422,0A0D.LON,0A0D.LON
2022-03-02,70.5,71.04,69.56,70.82,158805.0,0.0052091465232140255,30.739999771118164,0A0D.LON,0A0D.LON
2022-03-03,71.0,71.48,70.1,70.8514,212146.0,0.0004433775769556725,30.479999542236328,0A0D.LON,0A0D.LON
2022-03-04,68.75,70.7,68.22,68.6273,394382.0,-0.03139105225867089,31.979999542236328,0A0D.LON,0A0D.LON
2022-03-07,67.75,69.26,66.38,67.4739,163225.0,-0.01680672268907568,36.45000076293945,0A0D.LON,0A0D.LON
2022-03-08,67.75,69.56,65.9,66.0653,143305.0,-0.020876220286659142,35.130001068115234,0A0D.LON,0A0D.LON
2022-03-09,69.08,69.08,67.08,68.2513,69094.0,0.03308847458499398,32.45000076293945,0A0D.LON,0A0D.LON
2022-03-10,69.25,69.82,68.2,69.2878,113496.0,0.015186523919690886,30.229999542236328,0A0D.LON,0A0D.LON
2022-03-11,69.25,69.9,68.1,69.3619,171323.0,0.0010694523422594138,30.75,0A0D.LON,0A0D.LON
2022-03-14,69.58,69.58,68.1,68.601,132312.0,-0.010969999380063267,31.770000457763672,0A0D.LON,0A0D.LON
2022-03-15,66.8,67.92,66.8,67.6478,980661.0,-0.013894841183073048,29.829999923706055,0A0D.LON,0A0D.LON
2022-03-16,70.0,70.7,68.76,70.0465,141146.0,0.03545865497473666,26.670000076293945,0A0D.LON,0A0D.LON
2022-03-17,70.46,71.66,70.46,71.1983,220886.0,0.016443362623400404,25.670000076293945,0A0D.LON,0A0D.LON
2022-03-18,72.2708,72.2708,70.4,72.2708,478529.0,0.01506356191088809,23.8700008392334,0A0D.LON,0A0D.LON
2022-03-21,72.0,72.2,71.06,71.8601,161972.0,-0.005682793050581836,23.530000686645508,0A0D.LON,0A0D.LON
2022-03-22,72.36,72.36,70.72,70.8725,106812.0,-0.013743370799651045,22.940000534057617,0A0D.LON,0A0D.LON
2022-03-23,72.58,72.58,71.06,72.22,1113867.0,0.019013016332145805,23.56999969482422,0A0D.LON,0A0D.LON
2022-03-24,71.0,71.4175,70.46,70.7272,143369.0,-0.020670174466906666,21.670000076293945,0A0D.LON,0A0D.LON
2022-03-25,70.5,71.18,70.32,70.8207,322024.0,0.0013219807938107397,20.809999465942383,0A0D.LON,0A0D.LON
2022-03-28,70.76,72.42,70.76,72.42,170293.0,0.022582380575170813,19.6299991607666,0A0D.LON,0A0D.LON
2022-03-29,73.34,76.14,73.34,75.32,278150.0,0.040044186688759975,18.899999618530273,0A0D.LON,0A0D.LON
2022-03-30,75.75,75.96,75.1533,75.5324,111695.0,0.00281996813595331,19.329999923706055,0A0D.LON,0A0D.LON
2022-03-31,75.52,75.52,73.69,74.0073,149104.0,-0.020191335109171593,20.559999465942383,0A0D.LON,0A0D.LON
2022-04-01,73.675,73.8,72.76,73.2,187079.0,-0.010908383362181806,19.6299991607666,0A0D.LON,0A0D.LON
2022-04-04,74.2,74.2,73.26,74.046,97382.0,0.011557377049180362,18.56999969482422,0A0D.LON,0A0D.LON
2022-04-05,74.6,74.6,73.64,73.9623,78910.0,-0.0011303784134187866,21.030000686645508,0A0D.LON,0A0D.LON
2022-04-06,73.525,74.52,73.42,73.709,156954.0,-0.003424717727815385,22.100000381469727,0A0D.LON,0A0D.LON
2022-04-07,74.545,75.76,74.545,75.4708,61070.0,0.02390210150727845,21.549999237060547,0A0D.LON,0A0D.LON
2022-04-08,76.16,76.16,74.88,75.5533,38728.0,0.0010931380083423203,21.15999984741211,0A0D.LON,0A0D.LON
2022-04-11,74.88,76.44,74.88,75.38,220269.0,-0.002293744945621179,24.3700008392334,0A0D.LON,0A0D.LON
2022-04-12,75.15,75.56,74.34,75.0497,127072.0,-0.004381798885645938,24.260000228881836,0A0D.LON,0A0D.LON
2022-04-13,72.15,73.12,71.43,72.6582,181028.0,-0.031865550428582745,21.81999969482422,0A0D.LON,0A0D.LON
2022-04-14,72.875,73.84,72.62,73.4444,135943.0,0.01082052679532386,22.700000762939453,0A0D.LON,0A0D.LON
2022-04-19,72.775,74.46,71.02,74.2489,375961.0,0.01095386441988766,21.3700008392334,0A0D.LON,0A0D.LON
2022-04-20,75.25,76.5077,74.68,75.7,1209893.0,0.019543723880084407,20.31999969482422,0A0D.LON,0A0D.LON
2022-04-21,76.4,77.58,76.2,77.0735,240985.0,0.018143989431968155,22.68000030517578,0A0D.LON,0A0D.LON
2022-04-22,74.9,76.44,74.9,75.7106,394488.0,-0.017683120657554063,28.209999084472656,0A0D.LON,0A0D.LON
2022-04-25,73.525,74.36,73.18,73.6689,154963.0,-0.026967161797687544,27.020000457763672,0A0D.LON,0A0D.LON
2022-04-26,73.775,73.823,71.66,72.6747,317125.0,-0.013495518461657419,33.52000045776367,0A0D.LON,0A0D.LON
2022-04-27,72.575,72.58,71.12,71.76,254402.0,-0.012586223266143448,31.600000381469727,0A0D.LON,0A0D.LON
2022-04-28,72.34,72.34,70.34,70.5706,191612.0,-0.016574693422519604,29.989999771118164,0A0D.LON,0A0D.LON
2022-04-29,71.06,71.06,69.42,70.3106,330107.0,-0.003684253782736846,33.400001525878906,0A0D.LON,0A0D.LON
2022-05-03,69.875,70.16,69.12,69.76,308584.0,-0.007830967165690317,29.25,0A0D.LON,0A0D.LON
2022-05-04,68.74,69.58,68.74,69.3231,439398.0,-0.006262901376146934,25.420000076293945,0A0D.LON,0A0D.LON
2022-05-05,70.8,70.8,69.42,70.44,143035.0,0.016111512612678958,31.200000762939453,0A0D.LON,0A0D.LON
2022-05-06,69.52,69.52,67.7,68.4435,139782.0,-0.02834327086882449,30.190000534057617,0A0D.LON,0A0D.LON
2022-05-09,67.0,67.78,65.0922,67.58,168505.0,-0.012616245516374858,34.75,0A0D.LON,0A0D.LON
2022-05-10,64.525,65.02,63.64,64.3365,92842.0,-0.04799496892571764,32.9900016784668,0A0D.LON,0A0D.LON
2022-05-11,68.525,70.34,66.82,69.0551,507284.0,0.07334250386638996,32.560001373291016,0A0D.LON,0A0D.LON
2022-05-12,69.0,69.34,67.28,68.7013,288684.0,-0.005123444901245389,31.770000457763672,0A0D.LON,0A0D.LON
2022-05-13,71.0,71.54,69.26,70.418,144159.0,0.024987882325370858,28.8700008392334,0A0D.LON,0A0D.LON
2022-05-16,70.525,71.78,70.24,71.08,137613.0,0.009401005424749309,27.469999313354492,0A0D.LON,0A0D.LON
2022-05-17,70.6,71.58,70.6,71.4736,154963.0,0.0055374226223974254,26.100000381469727,0A0D.LON,0A0D.LON
2022-05-18,71.45,71.62,70.72,71.0992,86838.0,-0.005238297777081402,30.959999084472656,0A0D.LON,0A0D.LON
2022-05-19,70.12,70.12,68.68,69.3477,306185.0,-0.024634595044669916,29.350000381469727,0A0D.LON,0A0D.LON
2022-05-20,70.3,71.1,69.84,70.4562,83993.0,0.015984668561466187,29.43000030517578,0A0D.LON,0A0D.LON
2022-05-23,72.04,72.04,69.82,70.6706,158805.0,0.0030430253121798145,28.479999542236328,0A0D.LON,0A0D.LON
2022-05-24,69.98,70.78,69.98,70.5207,84488.0,-0.002121108353402845,29.450000762939453,0A0D.LON,0A0D.LON
2022-05-25,70.4,70.7,69.5144,69.5144,1246419.0,-0.01426956907688115,28.3700008392334,0A0D.LON,0A0D.LON
2022-05-27,70.675,72.04,70.42,71.1952,72210.0,0.024179162878482874,25.719999313354492,0A0D.LON,0A0D.LON
2022-05-30,72.0,73.08,72.0,72.8749,195949.0,0.02359288266624704,,0A0D.LON,0A0D.LON
2022-05-31,72.54,72.54,71.789,72.0825,218124.0,-0.010873428299730148,26.190000534057617,0A0D.LON,0A0D.LON
2022-06-01,71.1,72.42,70.96,71.6141,76452.0,-0.0064981098047376395,25.690000534057617,0A0D.LON,0A0D.LON
2022-06-07,72.1,73.64,71.82,72.5259,141417.0,0.012732129566663586,24.020000457763672,0A0D.LON,0A0D.LON
2022-06-08,73.25,73.62,72.4,72.973,55503.0,0.006164694267841053,23.959999084472656,0A0D.LON,0A0D.LON
2022-06-09,73.54,73.54,71.72,72.3153,48906.0,-0.009012922587806504,26.09000015258789,0A0D.LON,0A0D.LON
2022-06-10,70.98,70.98,68.94,70.48,205771.0,-0.025379138301299897,27.75,0A0D.LON,0A0D.LON
2022-06-13,68.0,68.38,66.46,66.9821,475504.0,-0.049629682179341716,34.02000045776367,0A0D.LON,0A0D.LON
2022-06-14,68.14,68.14,66.02,66.4609,191093.0,-0.007781183331069141,32.689998626708984,0A0D.LON,0A0D.LON
2022-06-15,65.3,67.06,65.3,66.28,152796.0,-0.0027219011478928357,29.6200008392334,0A0D.LON,0A0D.LON
2022-06-16,66.22,66.22,62.62,62.84,242950.0,-0.051901025950512936,32.95000076293945,0A0D.LON,0A0D.LON
2022-06-17,62.0,64.32,62.0,63.765,386465.0,0.014719923615531538,31.1299991607666,0A0D.LON,0A0D.LON
2022-06-20,63.725,64.24,63.24,63.7407,112135.0,-0.0003810868031052239,,0A0D.LON,0A0D.LON
2022-06-21,64.84,64.84,63.86,64.3404,112955.0,0.009408431347631918,30.190000534057617,0A0D.LON,0A0D.LON
2022-06-22,63.825,64.26,62.2975,63.2048,201283.0,-0.01764987472878632,28.950000762939453,0A0D.LON,0A0D.LON
2022-06-23,64.88,64.88,63.04,64.7119,96103.0,0.023844707996861114,29.049999237060547,0A0D.LON,0A0D.LON
2022-06-24,64.96,66.26,64.96,64.96,38874.0,0.0038339161730684967,27.229999542236328,0A0D.LON,0A0D.LON
2022-06-27,66.15,66.63,65.8,66.2711,121749.0,0.020183189655172518,26.950000762939453,0A0D.LON,0A0D.LON
2022-06-28,65.9,67.06,65.9,66.7545,84077.0,0.007294280614023041,28.360000610351562,0A0D.LON,0A0D.LON
2022-06-29,65.0,66.04,64.8,66.04,176381.0,-0.010703398272775444,28.15999984741211,0A0D.LON,0A0D.LON
2022-06-30,66.68,66.68,65.7,66.4461,47232.0,0.006149303452452903,28.709999084472656,0A0D.LON,0A0D.LON
2022-07-01,66.525,67.74,65.9,67.42,83953.0,0.01465699266021625,26.700000762939453,0A0D.LON,0A0D.LON
2022-07-04,68.56,68.56,67.92,68.0934,94404.0,0.009988134084841338,,0A0D.LON,0A0D.LON
2022-07-05,68.44,68.44,67.58,67.8713,57463.0,-0.0032616964346030564,27.540000915527344,0A0D.LON,0A0D.LON
2022-07-06,68.575,69.26,68.3,69.04,116592.0,0.01721935486722659,26.729999542236328,0A0D.LON,0A0D.LON
2022-07-07,69.0,69.7,68.88,69.4,67545.0,0.005214368482039378,26.079999923706055,0A0D.LON,0A0D.LON
2022-07-08,69.18,70.34,69.18,70.1,367176.0,0.010086455331411948,24.639999389648438,0A0D.LON,0A0D.LON
2022-07-11,69.0,70.34,68.68,70.0805,331629.0,-0.0002781740370897401,26.170000076293945,0A0D.LON,0A0D.LON
2022-07-12,68.78,69.48,68.78,69.0282,175727.0,-0.015015589215259584,27.290000915527344,0A0D.LON,0A0D.LON
2022-07-13,69.36,69.36,68.12,68.8707,172632.0,-0.002281676184515913,26.81999969482422,0A0D.LON,0A0D.LON
2022-07-14,69.0,69.18,68.0,68.32,76852.0,-0.00799614349788813,26.399999618530273,0A0D.LON,0A0D.LON
2022-07-15,68.38,69.92,68.38,69.6375,635743.0,0.019284250585480223,24.229999542236328,0A0D.LON,0A0D.LON
2022-07-18,69.74,70.138,69.28,69.503,183697.0,-0.0019314306228684908,25.299999237060547,0A0D.LON,0A0D.LON
2022-07-19,69.15,70.3,68.16,69.6031,190378.0,0.0014402256017724824,24.5,0A0D.LON,0A0D.LON
2022-07-20,70.1,70.84,69.58,70.3379,64265.0,0.01055700105311419,23.8799991607666,0A0D.LON,0A0D.LON
2022-07-21,70.52,71.94,70.52,71.7694,40232.0,0.020351759151183035,23.110000610351562,0A0D.LON,0A0D.LON
2022-07-22,71.625,72.56,71.58,72.057,75199.0,0.004007278868152664,23.030000686645508,0A0D.LON,0A0D.LON
2022-07-25,71.06,71.82,71.06,71.383,67002.0,-0.00935370609378694,23.360000610351562,0A0D.LON,0A0D.LON
2022-07-26,71.38,71.88,71.38,71.6107,41328.0,0.0031898351148031967,24.690000534057617,0A0D.LON,0A0D.LON
2022-07-27,71.7,72.44,71.7,72.2692,62797.0,0.009195553178505511,23.239999771118164,0A0D.LON,0A0D.LON
2022-07-28,72.775,73.7,72.3,73.3355,158666.0,0.01475455657458502,22.329999923706055,0A0D.LON,0A0D.LON
2022-07-29,74.48,74.48,73.32,74.435,139887.0,0.014992738850897691,21.329999923706055,0A0D.LON,0A0D.LON
2022-08-02,72.08,74.08,72.08,73.82,101162.0,-0.008262242224760019,23.93000030517578,0A0D.LON,0A0D.LON
2022-08-03,74.35,74.72,73.6,74.5,146236.0,0.009211595773503278,21.950000762939453,0A0D.LON,0A0D.LON
2022-08-04,74.525,74.86,74.2,74.5,36301.0,0.0,21.440000534057617,0A0D.LON,0A0D.LON
2022-08-05,74.35,74.56,73.46,73.9522,47698.0,-0.0073530201342281165,21.149999618530273,0A0D.LON,0A0D.LON
2022-08-08,74.15,74.34,72.94,73.3807,38953.0,-0.007727964820519184,21.290000915527344,0A0D.LON,0A0D.LON
2022-08-09,72.88,72.88,72.04,72.38,95577.0,-0.013637100763552401,21.770000457763672,0A0D.LON,0A0D.LON
2022-08-10,70.0,70.66,67.44,68.1264,1259968.0,-0.05876761536335995,19.739999771118164,0A0D.LON,0A0D.LON
2022-08-11,68.72,68.72,66.7,67.3651,350466.0,-0.011174816223960216,20.200000762939453,0A0D.LON,0A0D.LON
2022-08-12,66.22,66.22,64.72,65.7542,161651.0,-0.023912975709974416,19.530000686645508,0A0D.LON,0A0D.LON
2022-08-15,65.2,65.78,65.2,65.3559,126531.0,-0.006057407739733622,19.950000762939453,0A0D.LON,0A0D.LON
2022-08-16,65.2,65.8,64.98,65.5058,57045.0,0.0022935955284830722,19.690000534057617,0A0D.LON,0A0D.LON
2022-08-17,66.44,66.44,65.28,65.3542,110294.0,-0.0023142988865105796,19.899999618530273,0A0D.LON,0A0D.LON
2022-08-18,65.25,65.8,65.08,65.5338,90628.0,0.0027481018817459013,19.559999465942383,0A0D.LON,0A0D.LON
2022-08-19,66.4,66.4,65.48,65.48,39129.0,-0.0008209504103225962,20.600000381469727,0A0D.LON,0A0D.LON
2022-08-22,66.24,66.24,65.38,65.87,95127.0,0.005956017104459477,23.799999237060547,0A0D.LON,0A0D.LON
2022-08-23,65.925,66.84,65.3,65.9,221652.0,0.00045544253833318393,24.110000610351562,0A0D.LON,0A0D.LON
2022-08-24,65.2,67.78,65.2,67.1043,169760.0,0.018274658573596225,22.81999969482422,0A0D.LON,0A0D.LON
2022-08-25,67.35,67.82,66.802,66.92,87730.0,-0.0027464707924826914,21.780000686645508,0A0D.LON,0A0D.LON
2022-08-26,67.6,67.6,65.3995,65.76,38293.0,-0.017334130304841544,25.559999465942383,0A0D.LON,0A0D.LON
2022-08-30,64.4,64.86,64.22,64.5328,51385.0,-0.01866180048661814,26.209999084472656,0A0D.LON,0A0D.LON
2022-08-31,63.68,65.68,63.68,64.4793,273650.0,-0.000829035777155207,25.8700008392334,0A0D.LON,0A0D.LON
2022-09-01,63.525,64.52,63.3,64.2031,49953.0,-0.004283545261812516,25.559999465942383,0A0D.LON,0A0D.LON
2022-09-02,66.04,66.04,64.68,65.94,155749.0,0.027053210826268437,25.469999313354492,0A0D.LON,0A0D.LON
2022-09-05,65.761,65.761,64.92,65.5707,35497.0,-0.005600545950864344,,0A0D.LON,0A0D.LON
2022-09-06,65.575,65.98,65.04,65.5305,41294.0,-0.0006130787074104527,26.90999984741211,0A0D.LON,0A0D.LON
2022-09-07,65.98,65.98,65.22,65.6489,46473.0,0.0018067922570406125,24.639999389648438,0A0D.LON,0A0D.LON
2022-09-08,66.6,66.6,65.16,65.9615,43188.0,0.00476169440767471,23.610000610351562,0A0D.LON,0A0D.LON
2022-09-09,66.56,66.56,65.92,66.2438,36398.0,0.004279769259340593,22.790000915527344,0A0D.LON,0A0D.LON
2022-09-12,66.72,66.72,66.04,66.307,65999.0,0.0009540515489752099,23.8700008392334,0A0D.LON,0A0D.LON
2022-09-13,65.875,67.52,65.42,65.5698,331905.0,-0.011117981510247787,27.270000457763672,0A0D.LON,0A0D.LON
2022-09-14,65.0,65.44,64.26,65.3669,103647.0,-0.0030944123666687418,26.15999984741211,0A0D.LON,0A0D.LON
2022-09-15,65.38,65.96,65.38,65.604,91456.0,0.003627218056845294,26.270000457763672,0A0D.LON,0A0D.LON
2022-09-16,65.25,65.58,64.0336,64.7796,139583.0,-0.012566306932504046,26.299999237060547,0A0D.LON,0A0D.LON
2022-09-20,64.15,64.64,62.88,63.5795,272700.0,-0.018525893954269512,27.15999984741211,0A0D.LON,0A0D.LON
2022-09-21,62.7,62.7,61.58,62.2349,237678.0,-0.021148326111403826,27.989999771118164,0A0D.LON,0A0D.LON
2022-09-22,60.5278,62.2,60.5278,60.54,170018.0,-0.027233915375456608,27.350000381469727,0A0D.LON,0A0D.LON
2022-09-23,60.08,60.08,58.06,58.415,181849.0,-0.0351007598282127,29.920000076293945,0A0D.LON,0A0D.LON
2022-09-26,58.88,58.88,56.66,57.42,223894.0,-0.017033296242403462,32.2599983215332,0A0D.LON,0A0D.LON
2022-09-27,58.4,58.4,56.9,57.125,216891.0,-0.005137582723789613,32.599998474121094,0A0D.LON,0A0D.LON
2022-09-28,56.0,56.86,55.46,56.06,175231.0,-0.01864332603938723,30.18000030517578,0A0D.LON,0A0D.LON
2022-09-29,56.28,56.28,55.26,55.44,320390.0,-0.011059579022476007,31.84000015258789,0A0D.LON,0A0D.LON
2022-09-30,56.1,58.14,55.98,57.8,68352.0,0.04256854256854248,31.6200008392334,0A0D.LON,0A0D.LON
2022-10-03,57.0,59.06,56.7,58.8085,336152.0,0.01744809688581328,30.100000381469727,0A0D.LON,0A0D.LON
2022-10-04,59.36,60.76,59.36,60.3824,88616.0,0.026763137981754337,29.06999969482422,0A0D.LON,0A0D.LON
2022-10-05,60.04,60.88,60.04,60.2555,89711.0,-0.002101605765918557,28.549999237060547,0A0D.LON,0A0D.LON
2022-10-06,60.4,60.9,60.0,60.0521,275009.0,-0.003375625461575993,30.520000457763672,0A0D.LON,0A0D.LON
2022-10-07,59.96,59.96,58.82,59.2,87983.0,-0.014189345584917135,31.360000610351562,0A0D.LON,0A0D.LON
2022-10-10,58.44,58.44,57.78,58.0267,156793.0,-0.019819256756756887,32.45000076293945,0A0D.LON,0A0D.LON
2022-10-11,57.4,57.76,56.92,57.14,171471.0,-0.015280896552793743,33.630001068115234,0A0D.LON,0A0D.LON
2022-10-12,56.925,57.32,56.52,56.88,252494.0,-0.004550227511375571,33.56999969482422,0A0D.LON,0A0D.LON
2022-10-13,56.45,57.18,55.5872,56.9285,174734.0,0.0008526722925457086,31.940000534057617,0A0D.LON,0A0D.LON
2022-10-14,58.525,59.44,57.48,58.6059,237898.0,0.02946503069639994,32.02000045776367,0A0D.LON,0A0D.LON
2022-10-17,58.4,59.82,58.32,59.56,98265.0,0.016279930860203518,31.3700008392334,0A0D.LON,0A0D.LON
2022-10-18,60.0,60.86,59.88,60.14,187379.0,0.009738079247817222,30.5,0A0D.LON,0A0D.LON
2022-10-19,58.7197,60.1,58.7197,59.32,207932.0,-0.01363485201197212,30.760000228881836,0A0D.LON,0A0D.LON
2022-10-20,58.0,58.96,58.0,58.7888,145870.0,-0.008954821308159056,29.979999542236328,0A0D.LON,0A0D.LON
2022-10-21,57.6,58.48,57.6,57.8484,51881.0,-0.0159962441825654,29.690000534057617,0A0D.LON,0A0D.LON
2022-10-24,58.18,59.8,58.18,58.3992,119922.0,0.009521438795195847,29.850000381469727,0A0D.LON,0A0D.LON
2022-10-25,59.0,59.98,58.54,58.92,128781.0,0.008917930382607908,28.459999084472656,0A0D.LON,0A0D.LON
2022-10-26,59.22,61.04,59.22,59.4,83580.0,0.008146639511201537,27.280000686645508,0A0D.LON,0A0D.LON
2022-10-27,61.3,61.3,60.24,60.6366,306713.0,0.020818181818181847,27.389999389648438,0A0D.LON,0A0D.LON
2022-10-28,60.3,60.88,59.98,60.5929,45386.0,-0.0007206868458983218,25.75,0A0D.LON,0A0D.LON
2022-10-31,60.725,61.16,60.422,60.94,69796.0,0.0057283939207397605,25.8799991607666,0A0D.LON,0A0D.LON
2022-11-01,61.725,61.74,60.42,61.6539,28485.0,0.011714801444043355,25.809999465942383,0A0D.LON,0A0D.LON
2022-11-02,60.4,60.62,59.78,60.1737,50904.0,-0.02400821359232752,25.860000610351562,0A0D.LON,0A0D.LON
2022-11-03,59.12,59.12,57.26,57.8146,28545.0,-0.03920483533503838,25.299999237060547,0A0D.LON,0A0D.LON
2022-11-04,57.3,57.92,57.08,57.4315,291027.0,-0.006626353896766579,24.549999237060547,0A0D.LON,0A0D.LON
2022-11-07,57.35,57.5,56.98,57.1486,493896.0,-0.00492586820821328,24.350000381469727,0A0D.LON,0A0D.LON
2022-11-08,56.875,57.94,56.8195,57.6749,70313.0,0.009209324462891466,25.540000915527344,0A0D.LON,0A0D.LON
2022-11-09,57.1,57.76,56.92,57.5,216566.0,-0.0030325150108626575,26.09000015258789,0A0D.LON,0A0D.LON
2022-11-10,57.45,59.62,56.4,59.16,83166.0,0.028869565217391147,23.530000686645508,0A0D.LON,0A0D.LON
2022-11-11,60.05,61.96,59.82,60.0452,357860.0,0.014962812711291518,22.520000457763672,0A0D.LON,0A0D.LON
2022-11-14,62.44,62.44,60.36,60.9036,361159.0,0.014295897090858212,23.729999542236328,0A0D.LON,0A0D.LON
2022-11-15,61.2,61.2,59.94,60.6291,316030.0,-0.004507122731661095,24.540000915527344,0A0D.LON,0A0D.LON
2022-11-16,61.15,64.7,60.84,63.6904,557607.0,0.050492255369121386,24.110000610351562,0A0D.LON,0A0D.LON
2022-11-17,61.775,63.12,60.7,61.7758,386788.0,-0.030061045306670975,23.93000030517578,0A0D.LON,0A0D.LON
2022-11-18,61.525,62.38,61.02,62.1907,153162.0,0.006716222209991685,23.1200008392334,0A0D.LON,0A0D.LON
2022-11-21,62.0,63.1,61.9,62.24,193841.0,0.0007927230277195996,22.360000610351562,0A0D.LON,0A0D.LON
2022-11-22,62.875,64.06,62.86,63.7504,240664.0,0.02426735218509002,21.290000915527344,0A0D.LON,0A0D.LON
2022-11-23,63.44,64.08,63.44,63.9464,27123.0,0.0030744905130006828,20.350000381469727,0A0D.LON,0A0D.LON
2022-11-24,63.62,64.82,63.62,64.82,35992.0,0.013661441457220258,,0A0D.LON,0A0D.LON
2022-11-25,64.96,64.96,64.08,64.3681,18837.0,-0.00697161369947541,20.5,0A0D.LON,0A0D.LON
2022-11-28,64.22,65.4,64.22,64.52,234395.0,0.0023598645913114336,22.209999084472656,0A0D.LON,0A0D.LON
2022-11-29,64.525,64.92,64.14,64.16,62256.0,-0.0055796652200867936,21.889999389648438,0A0D.LON,0A0D.LON
2022-11-30,64.04,64.68,64.04,64.3403,131134.0,0.0028101620947631467,20.579999923706055,0A0D.LON,0A0D.LON
2022-12-01,64.4309,65.78,64.4309,65.4083,132071.0,0.016599238735287125,19.84000015258789,0A0D.LON,0A0D.LON
2022-12-02,65.0,65.82,64.54,65.6,85371.0,0.002930820706240622,19.059999465942383,0A0D.LON,0A0D.LON
2022-12-05,65.62,65.62,64.76,64.8152,186331.0,-0.011963414634146186,20.75,0A0D.LON,0A0D.LON
2022-12-06,64.4,64.78,63.1791,63.34,367574.0,-0.022760093311445462,22.170000076293945,0A0D.LON,0A0D.LON
2022-12-07,64.2,64.2,63.22,63.22,161621.0,-0.001894537417114095,22.68000030517578,0A0D.LON,0A0D.LON
2022-12-08,63.64,64.36,63.64,63.78,492518.0,0.008857956342929407,22.290000915527344,0A0D.LON,0A0D.LON
2022-12-09,64.675,64.88,63.98,64.5671,291345.0,0.012340859203511911,22.829999923706055,0A0D.LON,0A0D.LON
2022-12-12,64.84,66.04,64.84,65.7,204203.0,0.01754608771340216,25.0,0A0D.LON,0A0D.LON
2022-12-13,65.875,67.42,65.24,66.5067,77646.0,0.012278538812785289,22.549999237060547,0A0D.LON,0A0D.LON
2022-12-14,66.5485,66.5485,65.8,66.3152,268163.0,-0.002879409142236611,21.139999389648438,0A0D.LON,0A0D.LON
2022-12-15,64.625,65.72,64.04,64.0464,23821.0,-0.03421236760199775,22.829999923706055,0A0D.LON,0A0D.LON
2022-12-16,62.525,64.04,62.18,62.7912,163262.0,-0.019598291238851817,22.6200008392334,0A0D.LON,0A0D.LON
2022-12-19,62.22,63.24,62.22,62.9563,119660.0,0.0026293493355755704,22.420000076293945,0A0D.LON,0A0D.LON
2022-12-20,61.875,62.58,61.1,61.2841,140870.0,-0.02656128139677838,21.479999542236328,0A0D.LON,0A0D.LON
2022-12-21,62.25,63.38,61.78,62.0497,133596.0,0.012492636752436503,20.06999969482422,0A0D.LON,0A0D.LON
2022-12-22,62.48,63.12,62.48,62.8426,32621.0,0.012778466293954516,21.969999313354492,0A0D.LON,0A0D.LON
2022-12-23,63.64,63.64,62.9,62.9063,26188.0,0.0010136436111809477,20.8700008392334,0A0D.LON,0A0D.LON
2022-12-28,63.56,63.56,62.98,63.12,24728.0,0.003397116028124314,22.139999389648438,0A0D.LON,0A0D.LON
2022-12-29,62.6,63.9,62.6,62.6022,19193.0,-0.008203422053231879,21.440000534057617,0A0D.LON,0A0D.LON
2022-12-30,63.86,63.86,63.18,63.2586,28144.0,0.01048525451182214,21.670000076293945,0A0D.LON,0A0D.LON
2023-01-03,64.0,64.82,63.54,64.4071,196668.0,0.018155634174641833,22.899999618530273,0A0D.LON,0A0D.LON
2023-01-04,64.96,64.96,64.06,64.397,13418.0,-0.0001568150095252463,22.010000228881836,0A0D.LON,0A0D.LON
2023-01-05,64.86,65.82,64.86,65.5423,303825.0,0.01778498998400524,22.459999084472656,0A0D.LON,0A0D.LON
2023-01-06,65.725,66.52,65.5,65.5934,45050.0,0.0007796491731295596,21.1299991607666,0A0D.LON,0A0D.LON
2023-01-09,66.84,66.84,66.26,66.58,16926.0,0.015041147432516055,21.969999313354492,0A0D.LON,0A0D.LON
2023-01-10,65.825,66.88,65.8,66.72,73501.0,0.0021027335536196734,20.579999923706055,0A0D.LON,0A0D.LON
2023-01-11,66.625,67.58,66.18,66.7,39024.0,-0.0002997601918464099,21.09000015258789,0A0D.LON,0A0D.LON
2023-01-12,66.88,67.76,66.88,67.3885,89851.0,0.010322338830584643,18.829999923706055,0A0D.LON,0A0D.LON
2023-01-13,67.2,68.48,67.1496,68.2537,91135.0,0.012838985880380127,18.350000381469727,0A0D.LON,0A0D.LON
2023-01-16,68.46,69.26,68.46,68.7502,358131.0,0.007274330915393756,,0A0D.LON,0A0D.LON
2023-01-17,69.14,69.14,68.46,69.0,21984.0,0.003633443975435524,19.360000610351562,0A0D.LON,0A0D.LON
2023-01-18,69.34,69.34,68.28,68.54,104010.0,-0.006666666666666599,20.34000015258789,0A0D.LON,0A0D.LON
2023-01-19,68.5,68.5,67.6,68.08,51938.0,-0.006711409395973256,20.520000457763672,0A0D.LON,0A0D.LON
2023-01-20,68.15,68.74,68.02,68.5079,177461.0,0.0062852526439485246,19.850000381469727,0A0D.LON,0A0D.LON
2023-01-23,68.76,69.98,68.76,69.539,40463.0,0.01505081895664584,19.809999465942383,0A0D.LON,0A0D.LON
2023-01-24,69.7,69.7,67.48,68.0196,169146.0,-0.02184960957160731,19.200000762939453,0A0D.LON,0A0D.LON
2023-01-25,68.0,68.14,67.24,67.9064,161436.0,-0.0016642261936263836,19.079999923706055,0A0D.LON,0A0D.LON
2023-01-26,69.0,69.14,68.28,68.6669,15284.0,0.011199238952440238,18.729999542236328,0A0D.LON,0A0D.LON
2023-01-27,68.625,68.78,67.8,67.9958,55468.0,-0.0097732677607405,18.510000228881836,0A0D.LON,0A0D.LON
2023-01-30,68.525,69.22,68.42,68.9896,132145.0,0.01461560861111999,19.940000534057617,0A0D.LON,0A0D.LON
2023-01-31,68.88,68.88,68.0,68.66,27838.0,-0.00477753168593531,19.399999618530273,0A0D.LON,0A0D.LON
2023-02-01,69.24,69.24,68.28,68.8424,169081.0,0.002656568598893072,17.8700008392334,0A0D.LON,0A0D.LON
2023-02-02,68.875,70.82,68.76,68.76,439687.0,-0.0011969367715244372,18.729999542236328,0A0D.LON,0A0D.LON
2023-02-03,69.16,70.44,69.16,69.6635,30201.0,0.013139906922629452,18.329999923706055,0A0D.LON,0A0D.LON
2023-02-06,69.96,70.6,69.96,70.5202,198142.0,0.012297688172429044,19.43000030517578,0A0D.LON,0A0D.LON
2023-02-07,69.22,69.86,69.22,69.4756,133567.0,-0.014812777048278436,18.65999984741211,0A0D.LON,0A0D.LON
2023-02-08,70.25,70.68,69.72,69.94,75634.0,0.006684361128223459,19.6299991607666,0A0D.LON,0A0D.LON
2023-02-09,69.725,70.5,69.5134,70.1104,89480.0,0.0024363740348871676,20.709999084472656,0A0D.LON,0A0D.LON
2023-02-10,68.1,68.88,67.88,68.28,141289.0,-0.026107396334923205,20.530000686645508,0A0D.LON,0A0D.LON
2023-02-13,68.9,68.9,68.18,68.7014,62146.0,0.006171646162858924,20.34000015258789,0A0D.LON,0A0D.LON
2023-02-14,69.92,69.92,69.08,69.24,69751.0,0.00783972379019926,18.90999984741211,0A0D.LON,0A0D.LON
2023-02-15,69.8,69.8,68.86,69.66,90676.0,0.0060658578856152,18.229999542236328,0A0D.LON,0A0D.LON
2023-02-16,68.98,70.04,68.98,69.4112,155584.0,-0.0035716336491530276,20.170000076293945,0A0D.LON,0A0D.LON
2023-02-17,68.32,68.32,67.36,67.7508,244274.0,-0.023921211562399125,20.020000457763672,0A0D.LON,0A0D.LON
2023-02-20,68.42,68.42,67.86,67.9,183664.0,0.0022021880184441844,,0A0D.LON,0A0D.LON
2023-02-21,67.52,68.3,67.52,67.92,324864.0,0.0002945508100147265,22.8700008392334,0A0D.LON,0A0D.LON
2023-02-22,67.1,68.06,67.1,67.46,52163.0,-0.006772673733804635,22.290000915527344,0A0D.LON,0A0D.LON
2023-02-23,67.84,67.84,67.38,67.4135,48313.0,-0.0006892973613992215,21.139999389648438,0A0D.LON,0A0D.LON
2023-02-24,67.3,67.76,66.16,66.38,143120.0,-0.015330757192550504,21.670000076293945,0A0D.LON,0A0D.LON
2023-02-27,67.12,67.12,66.6,66.8504,219906.0,0.007086471828864127,20.950000762939453,0A0D.LON,0A0D.LON
2023-02-28,68.4,68.4,63.74,65.0298,235777.0,-0.027233943252396364,20.700000762939453,0A0D.LON,0A0D.LON
2023-03-01,64.0,65.04,63.38,64.6599,184534.0,-0.005688161427530147,20.579999923706055,0A0D.LON,0A0D.LON
2023-03-02,64.0,64.06,63.08,63.7981,74402.0,-0.013328198775438782,19.59000015258789,0A0D.LON,0A0D.LON
2023-03-03,64.0,64.42,63.92,64.1081,111712.0,0.004859078875389722,18.489999771118164,0A0D.LON,0A0D.LON
2023-03-06,63.66,64.46,63.66,64.0128,77104.0,-0.001486551621401877,18.610000610351562,0A0D.LON,0A0D.LON
2023-03-07,63.925,64.5316,63.04,63.4127,303609.0,-0.009374687562487494,19.59000015258789,0A0D.LON,0A0D.LON
2023-03-08,62.0,62.48,61.66,62.0084,117717.0,-0.022145406204119977,19.110000610351562,0A0D.LON,0A0D.LON
2023-03-09,62.74,62.74,62.02,62.4587,228467.0,0.007261919352861801,22.610000610351562,0A0D.LON,0A0D.LON
2023-03-10,60.775,61.42,59.74,60.4727,325121.0,-0.031797011465176106,24.799999237060547,0A0D.LON,0A0D.LON
2023-03-13,60.0,60.08,58.3,58.7022,214296.0,-0.02927767405788073,26.520000457763672,0A0D.LON,0A0D.LON
2023-03-14,59.775,60.02,59.0,59.7735,783070.0,0.018249741917679474,23.729999542236328,0A0D.LON,0A0D.LON
2023-03-15,59.74,60.54,59.74,60.0412,1893568.0,0.004478573280801701,26.139999389648438,0A0D.LON,0A0D.LON
2023-03-16,60.2,62.04,59.98,61.4362,2424432.0,0.023234045955110805,22.989999771118164,0A0D.LON,0A0D.LON
2023-03-17,61.1,62.0,60.76,61.22,2995946.0,-0.003519097860870346,25.510000228881836,0A0D.LON,0A0D.LON
2023-03-20,60.925,61.76,60.12,61.0693,879923.0,-0.0024616138516824204,24.149999618530273,0A0D.LON,0A0D.LON
2023-03-21,61.8,62.48,61.8,61.97,150869.0,0.01474881814594231,21.3799991607666,0A0D.LON,0A0D.LON
2023-03-22,62.64,62.64,61.7,61.9138,322519.0,-0.0009068904308535686,22.260000228881836,0A0D.LON,0A0D.LON
2023-03-23,62.4,62.66,61.7,62.1132,319294.0,0.0032206067144966433,22.610000610351562,0A0D.LON,0A0D.LON
2023-03-24,61.875,62.02,60.54,61.1401,359677.0,-0.015666557189132124,21.739999771118164,0A0D.LON,0A0D.LON
2023-03-27,62.0,62.86,61.64,61.81,153460.0,0.010956802491327355,20.600000381469727,0A0D.LON,0A0D.LON
2023-03-28,63.0,63.18,62.56,62.7125,162370.0,0.014601197217278594,19.969999313354492,0A0D.LON,0A0D.LON
2023-03-29,62.2,62.76,61.7,62.0936,88203.0,-0.009868845923858838,19.1200008392334,0A0D.LON,0A0D.LON
2023-03-30,64.25,65.06,62.66,64.5219,672266.0,0.039107089941636586,19.020000457763672,0A0D.LON,0A0D.LON
2023-03-31,65.12,65.12,64.36,64.7129,490370.0,0.0029602352069608706,18.700000762939453,0A0D.LON,0A0D.LON
2023-04-03,65.0,65.0,63.74,64.3191,145552.0,-0.006085340017214502,18.549999237060547,0A0D.LON,0A0D.LON
2023-04-04,64.0,64.12,63.607,63.7728,104670.0,-0.008493588996114854,19.0,0A0D.LON,0A0D.LON
2023-04-05,63.6,63.6,62.44,62.6279,326334.0,-0.017952794921972992,19.079999923706055,0A0D.LON,0A0D.LON
2023-04-06,63.41,64.699,63.14,63.32,206106.0,0.011050985263756363,18.399999618530273,0A0D.LON,0A0D.LON
2023-04-11,63.28,64.18,63.1,64.03,230917.0,0.011212886923562815,19.100000381469727,0A0D.LON,0A0D.LON
2023-04-12,63.49,64.36,63.1,63.6303,206230.0,-0.006242386381383747,19.09000015258789,0A0D.LON,0A0D.LON
2023-04-13,64.08,64.08,63.3773,63.6563,146266.0,0.0004086103633018645,17.799999237060547,0A0D.LON,0A0D.LON
2023-04-14,64.75,64.92,64.1,64.4129,137853.0,0.011885704949863518,17.06999969482422,0A0D.LON,0A0D.LON
2023-04-17,64.44,64.44,63.34,63.5864,42307.0,-0.012831280690669078,16.950000762939453,0A0D.LON,0A0D.LON
2023-04-18,63.41,65.72,63.32,64.9389,184536.0,0.02127027163041162,16.829999923706055,0A0D.LON,0A0D.LON
2023-04-19,63.57,63.84,61.84,62.9889,830270.0,-0.030028226532941016,16.459999084472656,0A0D.LON,0A0D.LON
2023-04-20,63.24,63.92,63.16,63.8696,109295.0,0.013981828544394226,17.170000076293945,0A0D.LON,0A0D.LON
2023-04-21,65.09,65.2,63.86,64.4332,225314.0,0.008824229367335956,16.770000457763672,0A0D.LON,0A0D.LON
2023-04-24,65.76,65.76,65.34,65.52,264350.0,0.016867080945847768,16.889999389648438,0A0D.LON,0A0D.LON
2023-04-25,64.6,65.3,64.6,64.92,576019.0,-0.009157509157509125,18.760000228881836,0A0D.LON,0A0D.LON
2023-04-26,64.9005,64.9005,63.64,64.0904,253926.0,-0.012778804682686329,18.84000015258789,0A0D.LON,0A0D.LON
2023-04-27,64.48,64.48,63.22,64.12,250847.0,0.0004618476402082905,17.030000686645508,0A0D.LON,0A0D.LON
2023-04-28,64.82,64.82,63.66,64.1708,215424.0,0.0007922645040547849,15.779999732971191,0A0D.LON,0A0D.LON
2023-05-02,65.01,65.16,63.98,64.2489,136712.0,0.0012170644592246482,17.780000686645508,0A0D.LON,0A0D.LON
2023-05-03,63.68,65.6,63.68,65.5469,174179.0,0.020202680512817928,18.34000015258789,0A0D.LON,0A0D.LON
2023-05-04,65.5151,65.5151,64.72,65.1065,132359.0,-0.006718853218077414,20.09000015258789,0A0D.LON,0A0D.LON
2023-05-05,65.24,65.42,64.8,65.16,155784.0,0.0008217305491771132,17.190000534057617,0A0D.LON,0A0D.LON
2023-05-09,66.18,66.18,65.2,65.689,234942.0,0.008118477593615614,17.709999084472656,0A0D.LON,0A0D.LON
2023-05-10,70.1,71.94,68.56,70.0703,597562.0,0.06669762060619,16.940000534057617,0A0D.LON,0A0D.LON
2023-05-11,70.52,71.58,70.52,71.269,393276.0,0.01710710529282733,16.93000030517578,0A0D.LON,0A0D.LON
2023-05-12,71.09,71.36,70.72,70.9256,263984.0,-0.004818364225680161,17.030000686645508,0A0D.LON,0A0D.LON
2023-05-15,71.49,72.16,71.1,71.3271,180719.0,0.005660861522496896,17.1200008392334,0A0D.LON,0A0D.LON
2023-05-16,71.01,71.88,70.7,71.76,86228.0,0.0060692219366833555,17.989999771118164,0A0D.LON,0A0D.LON
2023-05-17,72.0,72.74,71.94,72.4796,213724.0,0.010027870680044515,16.8700008392334,0A0D.LON,0A0D.LON
2023-05-19,74.18,74.18,73.0,73.2609,189540.0,0.010779584876296155,16.809999465942383,0A0D.LON,0A0D.LON
2023-05-22,73.01,73.58,72.739,73.0514,120306.0,-0.0028596427289319104,17.209999084472656,0A0D.LON,0A0D.LON
2023-05-23,73.78,73.78,72.66,73.145,76744.0,0.0012812896125193873,18.530000686645508,0A0D.LON,0A0D.LON
2023-05-24,71.2,71.4,70.44,71.28,166149.0,-0.025497299883792346,20.030000686645508,0A0D.LON,0A0D.LON
2023-05-25,70.86,71.92,70.86,71.809,90164.0,0.007421436588103125,19.139999389648438,0A0D.LON,0A0D.LON
2023-05-26,71.2,71.9,70.68,71.68,176708.0,-0.0017964322020915802,17.950000762939453,0A0D.LON,0A0D.LON
2023-05-30,72.02,72.02,70.84,71.8023,62358.0,0.0017061941964284788,17.459999084472656,0A0D.LON,0A0D.LON
2023-05-31,71.01,71.44,70.6,70.7933,295395.0,-0.014052474642177182,17.940000534057617,0A0D.LON,0A0D.LON
2023-06-01,71.05,71.3,70.54,70.9779,90539.0,0.0026075913963610198,15.649999618530273,0A0D.LON,0A0D.LON
2023-06-02,71.81,72.58,71.52,72.4235,124534.0,0.020366902937393183,14.600000381469727,0A0D.LON,0A0D.LON
2023-06-05,72.62,72.62,71.9,72.4566,48683.0,0.00045703397377905297,14.729999542236328,0A0D.LON,0A0D.LON
2023-06-06,71.86,72.98,71.86,72.4539,40653.0,-3.726368612366748e-05,13.960000038146973,0A0D.LON,0A0D.LON
2023-06-07,71.92,71.92,70.7,70.994,33346.0,-0.02014936394038147,13.9399995803833,0A0D.LON,0A0D.LON
2023-06-08,71.02,71.02,70.02,70.9094,80533.0,-0.0011916499985913376,13.649999618530273,0A0D.LON,0A0D.LON
2023-06-09,71.36,71.36,70.88,71.2409,77578.0,0.004674979621883679,13.829999923706055,0A0D.LON,0A0D.LON
2023-06-12,70.8,71.76,70.8,71.1932,90840.0,-0.000669559199841574,15.010000228881836,0A0D.LON,0A0D.LON
2023-06-13,71.5,71.86,71.5,71.7575,22923.0,0.007926318805728583,14.609999656677246,0A0D.LON,0A0D.LON
2023-06-14,71.9,71.9,71.24,71.5207,82469.0,-0.0033000034839562042,13.880000114440918,0A0D.LON,0A0D.LON
2023-06-15,72.0,72.02,71.34,71.6272,156628.0,0.0014890793854087647,14.5,0A0D.LON,0A0D.LON
2023-06-16,73.02,73.02,71.84,72.6273,394212.0,0.013962572877342705,13.539999961853027,0A0D.LON,0A0D.LON
2023-06-19,72.6,72.6,71.66,72.1872,108275.0,-0.006059704821740564,,0A0D.LON,0A0D.LON
2023-06-20,72.42,72.42,71.819,72.1492,88961.0,-0.0005264091140813054,13.880000114440918,0A0D.LON,0A0D.LON
2023-06-21,72.16,72.16,71.42,71.5693,55562.0,-0.008037511157434785,13.199999809265137,0A0D.LON,0A0D.LON
2023-06-22,70.78,72.08,70.78,71.92,433512.0,0.004900145732877226,12.90999984741211,0A0D.LON,0A0D.LON
2023-06-23,72.02,73.06,72.02,72.3447,218659.0,0.0059051724137930695,13.4399995803833,0A0D.LON,0A0D.LON
2023-06-26,72.29,72.74,71.74,71.9092,284872.0,-0.006019791359975324,14.25,0A0D.LON,0A0D.LON
2023-06-27,72.06,72.06,71.16,71.6472,327269.0,-0.003643483726699759,13.739999771118164,0A0D.LON,0A0D.LON
2023-06-28,72.6,72.6,71.98,72.325,131410.0,0.009460244084904978,13.430000305175781,0A0D.LON,0A0D.LON
2023-06-29,72.9,72.9,72.12,72.4873,37803.0,0.002244037331489812,13.539999961853027,0A0D.LON,0A0D.LON
2023-06-30,72.56,75.02,72.56,74.6256,150637.0,0.029498960507564842,13.59000015258789,0A0D.LON,0A0D.LON
2023-07-03,73.922,73.922,72.5195,72.9941,91921.0,-0.021862470787504584,13.569999694824219,0A0D.LON,0A0D.LON
2023-07-04,72.6,73.38,72.6,73.24,52480.0,0.003368765420766806,,0A0D.LON,0A0D.LON
2023-07-05,73.3378,73.3378,72.8,73.1398,146115.0,-0.0013681048607318003,14.180000305175781,0A0D.LON,0A0D.LON
2023-07-06,72.27,72.78,72.04,72.4787,57238.0,-0.0090388543583656,15.4399995803833,0A0D.LON,0A0D.LON
2023-07-07,72.44,72.44,71.66,72.1072,60274.0,-0.005125643809836489,14.829999923706055,0A0D.LON,0A0D.LON
2023-07-10,72.62,72.62,71.58,72.5573,57246.0,0.00624209510284679,15.069999694824219,0A0D.LON,0A0D.LON
2023-07-11,73.01,73.2,72.64,73.1865,63354.0,0.008671767003457953,14.84000015258789,0A0D.LON,0A0D.LON
2023-07-12,73.86,73.86,72.9,73.0022,60560.0,-0.0025182239893968283,13.539999961853027,0A0D.LON,0A0D.LON
2023-07-13,73.68,73.68,72.9,73.2269,27934.0,0.0030779894304555633,13.609999656677246,0A0D.LON,0A0D.LON
2023-07-14,72.4,73.34,72.4,72.8473,36622.0,-0.005183887341946747,13.34000015258789,0A0D.LON,0A0D.LON
2023-07-17,72.9,73.3,72.28,72.6345,87712.0,-0.002921178959275128,13.479999542236328,0A0D.LON,0A0D.LON
2023-07-18,72.54,72.88,72.22,72.5133,52241.0,-0.0016686285442868432,13.300000190734863,0A0D.LON,0A0D.LON
2023-07-19,73.01,73.04,72.48,72.8948,67042.0,0.005261103825091373,13.760000228881836,0A0D.LON,0A0D.LON
2023-07-20,72.02,73.18,72.02,72.7032,87764.0,-0.002628445376076316,13.989999771118164,0A0D.LON,0A0D.LON
2023-07-21,73.5,73.5,72.6,72.9708,215724.0,0.0036807183177631764,13.600000381469727,0A0D.LON,0A0D.LON
2023-07-24,73.41,73.74,72.72,73.18,46007.0,0.002866900184731458,13.90999984741211,0A0D.LON,0A0D.LON
2023-07-25,72.61,73.26,72.2,72.94,218437.0,-0.0032795845859525663,13.859999656677246,0A0D.LON,0A0D.LON
2023-07-26,73.2,73.28,72.08,72.5713,33142.0,-0.005054839594187066,13.1899995803833,0A0D.LON,0A0D.LON
2023-07-27,73.2,74.58,73.2,74.1689,46152.0,0.02201421222990363,14.40999984741211,0A0D.LON,0A0D.LON
2023-07-28,73.76,74.0074,73.48,73.6809,81874.0,-0.0065795771543059045,13.329999923706055,0A0D.LON,0A0D.LON
2023-07-31,74.1,74.48,73.92,74.1113,62918.0,0.0058414053031383695,13.630000114440918,0A0D.LON,0A0D.LON
2023-08-02,72.4,73.68,71.56,72.9323,197561.0,-0.01590850518072151,16.09000015258789,0A0D.LON,0A0D.LON
2023-08-03,71.95,73.1634,71.2748,71.4249,63649.0,-0.020668482962967083,15.920000076293945,0A0D.LON,0A0D.LON
2023-08-04,71.85,71.92,71.22,71.4313,88757.0,8.960460567664086e-05,17.100000381469727,0A0D.LON,0A0D.LON
2023-08-07,71.51,72.06,71.3,71.915,49239.0,0.006771541327121433,15.770000457763672,0A0D.LON,0A0D.LON
2023-08-08,71.7,72.0,71.04,71.3026,47504.0,-0.008515608704721012,15.989999771118164,0A0D.LON,0A0D.LON
2023-08-09,71.55,72.44,71.5,71.8435,191599.0,0.007585978631915458,15.960000038146973,0A0D.LON,0A0D.LON
2023-08-10,71.74,72.8,71.74,72.3899,140257.0,0.00760542011455434,15.850000381469727,0A0D.LON,0A0D.LON
2023-08-11,71.38,72.2,70.74,71.0893,161221.0,-0.017966594787394374,14.84000015258789,0A0D.LON,0A0D.LON
2023-08-14,71.11,71.96,71.04,71.72,153204.0,0.008871939940328533,14.819999694824219,0A0D.LON,0A0D.LON
2023-08-15,71.51,71.66,70.5,70.66,70776.0,-0.014779698828778609,16.459999084472656,0A0D.LON,0A0D.LON
2023-08-16,70.21,72.1,69.12,70.739,396013.0,0.0011180300028306167,16.780000686645508,0A0D.LON,0A0D.LON
2023-08-17,72.35,73.46,71.94,72.2344,228635.0,0.02113968249480469,17.889999389648438,0A0D.LON,0A0D.LON
2023-08-18,71.93,72.36,71.4,71.4669,148474.0,-0.010625131516285857,17.299999237060547,0A0D.LON,0A0D.LON
2023-08-21,72.7591,73.76,72.7591,73.1193,86325.0,0.02312119316774619,17.1299991607666,0A0D.LON,0A0D.LON
2023-08-22,73.74,74.4,73.66,74.1983,150783.0,0.01475670582185562,16.969999313354492,0A0D.LON,0A0D.LON
2023-08-23,74.12,74.24,73.2,73.5658,99026.0,-0.00852445406431157,15.979999542236328,0A0D.LON,0A0D.LON
2023-08-24,74.54,74.54,73.66,73.7,30766.0,0.0018242172313767124,17.200000762939453,0A0D.LON,0A0D.LON
2023-08-25,73.57,73.84,73.339,73.64,74215.0,-0.0008141112618724744,15.680000305175781,0A0D.LON,0A0D.LON
2023-08-29,74.36,75.02,74.36,74.955,139999.0,0.017857142857142794,14.449999809265137,0A0D.LON,0A0D.LON
2023-08-30,74.73,75.36,74.6,74.6587,166689.0,-0.003953038489760585,13.880000114440918,0A0D.LON,0A0D.LON
2023-08-31,74.52,74.76,73.7,74.1445,982836.0,-0.00688734199765062,13.569999694824219,0A0D.LON,0A0D.LON
2023-09-01,73.2,73.5,72.52,73.2,96350.0,-0.012738638739218544,13.09000015258789,0A0D.LON,0A0D.LON
2023-09-04,73.49,73.65,72.78,72.8,118623.0,-0.005464480874317057,,0A0D.LON,0A0D.LON
2023-09-05,73.03,73.6,72.44,72.7254,150131.0,-0.0010247252747253022,14.010000228881836,0A0D.LON,0A0D.LON
2023-09-06,72.5,73.441,72.42,73.28,81209.0,0.007625946368119196,14.449999809265137,0A0D.LON,0A0D.LON
2023-09-07,72.44,73.84,72.44,73.5707,176189.0,0.0039669759825327056,14.399999618530273,0A0D.LON,0A0D.LON
2023-09-08,73.62,74.06,73.32,73.6,108876.0,0.0003982563710824838,13.84000015258789,0A0D.LON,0A0D.LON
2023-09-11,73.48,74.36,73.48,73.8579,65326.0,0.0035040760869566867,13.800000190734863,0A0D.LON,0A0D.LON
2023-09-12,74.44,74.62,74.0,74.1344,33839.0,0.00374367535497222,14.229999542236328,0A0D.LON,0A0D.LON
2023-09-13,73.7,73.82,72.4,72.98,117166.0,-0.015571718392541012,13.479999542236328,0A0D.LON,0A0D.LON
2023-09-14,72.75,73.26,72.4,73.0854,148332.0,0.0014442312962454906,12.819999694824219,0A0D.LON,0A0D.LON
2023-09-15,73.6,74.6456,73.1,73.9968,240330.0,0.012470342913905919,13.789999961853027,0A0D.LON,0A0D.LON
2023-09-18,73.74,73.74,72.7,72.7874,58478.0,-0.016343950008648855,14.0,0A0D.LON,0A0D.LON
2023-09-19,72.71,72.76,71.82,72.24,84595.0,-0.00752053239983852,14.109999656677246,0A0D.LON,0A0D.LON
2023-09-20,72.29,72.758,71.96,72.5109,119925.0,0.003750000000000142,15.140000343322754,0A0D.LON,0A0D.LON
2023-09-21,71.66,73.1,70.92,72.8073,121717.0,0.004087661303334933,17.540000915527344,0A0D.LON,0A0D.LON
2023-09-22,70.8,71.26,70.7,71.1326,235949.0,-0.023001814378503238,17.200000762939453,0A0D.LON,0A0D.LON
2023-09-25,70.92,71.58,70.5,71.0248,175212.0,-0.0015154795410261546,16.899999618530273,0A0D.LON,0A0D.LON
2023-09-26,70.84,71.3,70.4,70.8165,63932.0,-0.0029327784097947784,18.940000534057617,0A0D.LON,0A0D.LON
2023-09-27,70.77,71.26,70.08,70.2,79748.0,-0.008705598271589232,18.219999313354492,0A0D.LON,0A0D.LON
2023-09-28,70.75,71.4,70.42,71.4,67329.0,0.017094017094017033,17.34000015258789,0A0D.LON,0A0D.LON
2023-09-29,71.47,71.82,70.82,71.3696,40159.0,-0.00042577030812329664,17.520000457763672,0A0D.LON,0A0D.LON
2023-10-02,70.75,71.34,68.82,69.6303,98483.0,-0.02437032013630458,17.610000610351562,0A0D.LON,0A0D.LON
2023-10-03,69.24,69.64,68.42,68.6686,55202.0,-0.013811515963596421,19.780000686645508,0A0D.LON,0A0D.LON
2023-10-04,68.02,69.32,67.94,68.6031,129233.0,-0.0009538566389878378,18.579999923706055,0A0D.LON,0A0D.LON
2023-10-05,69.01,69.32,68.52,68.56,86699.0,-0.0006282514930082694,18.489999771118164,0A0D.LON,0A0D.LON
2023-10-06,68.75,69.46,68.26,69.4547,132416.0,0.01304988331388568,17.450000762939453,0A0D.LON,0A0D.LON
2023-10-09,68.92,69.137,67.88,68.3571,196736.0,-0.01580310619727676,17.700000762939453,0A0D.LON,0A0D.LON
2023-10-10,69.01,69.48,68.78,69.42,59565.0,0.01554922604967146,17.030000686645508,0A0D.LON,0A0D.LON
2023-10-11,69.51,69.96,67.74,68.3075,154638.0,-0.01602564102564097,16.09000015258789,0A0D.LON,0A0D.LON
2023-10-12,68.73,69.16,68.06,68.8184,58847.0,0.007479412948797615,16.690000534057617,0A0D.LON,0A0D.LON
2023-10-13,66.52,68.08,66.52,67.6748,149477.0,-0.01661764876835259,19.31999969482422,0A0D.LON,0A0D.LON
2023-10-16,68.33,68.98,67.4,68.64,62525.0,0.014262325119542174,17.209999084472656,0A0D.LON,0A0D.LON
2023-10-17,68.56,68.58,66.22,67.627,130792.0,-0.014758158508158536,17.8799991607666,0A0D.LON,0A0D.LON
2023-10-18,67.13,67.22,65.28,65.9557,647533.0,-0.024713502003637644,19.219999313354492,0A0D.LON,0A0D.LON
2023-10-19,65.68,66.16,65.14,65.2902,79050.0,-0.010090105934740912,21.399999618530273,0A0D.LON,0A0D.LON
2023-10-20,64.77,65.1,64.54,64.71,116093.0,-0.008886479134694092,21.709999084472656,0A0D.LON,0A0D.LON
2023-10-23,64.84,65.12,63.96,64.86,33099.0,0.0023180343069078013,20.3700008392334,0A0D.LON,0A0D.LON
2023-10-24,65.17,65.62,65.04,65.4102,61194.0,0.008482886216466312,18.969999313354492,0A0D.LON,0A0D.LON
2023-10-25,65.24,65.24,63.82,64.12,66882.0,-0.019724752408645685,20.190000534057617,0A0D.LON,0A0D.LON
2023-10-26,62.65,63.4,61.92,62.283,67062.0,-0.02864940736119781,20.68000030517578,0A0D.LON,0A0D.LON
2023-10-27,62.61,63.22,62.36,62.8185,49134.0,0.008597851741245499,21.270000457763672,0A0D.LON,0A0D.LON
2023-10-30,64.21,64.3,62.96,63.4655,84223.0,0.010299513678295291,19.75,0A0D.LON,0A0D.LON
2023-10-31,63.66,65.0,63.66,64.4001,189151.0,0.014726111036704959,18.139999389648438,0A0D.LON,0A0D.LON
2023-11-01,64.5,65.82,64.5,65.2415,120477.0,0.013065197103731219,16.8700008392334,0A0D.LON,0A0D.LON
2023-11-02,66.1,66.62,65.72,65.8901,110622.0,0.009941524949610425,15.65999984741211,0A0D.LON,0A0D.LON
2023-11-03,66.27,67.02,65.48,66.9505,96103.0,0.01609346472383555,14.90999984741211,0A0D.LON,0A0D.LON
2023-11-06,67.15,67.28,66.46,66.72,203142.0,-0.0034428420997603126,14.890000343322754,0A0D.LON,0A0D.LON
2023-11-07,66.599,67.1,66.599,66.7467,71327.0,0.0004001798561152903,14.8100004196167,0A0D.LON,0A0D.LON
2023-11-08,66.48,67.06,66.04,66.7667,298417.0,0.0002996402818415955,14.449999809265137,0A0D.LON,0A0D.LON
2023-11-09,66.21,67.02,66.12,66.3101,33425.0,-0.006838738472921269,15.289999961853027,0A0D.LON,0A0D.LON
2023-11-10,65.91,66.08,64.36,64.8697,144472.0,-0.02172218108553614,14.170000076293945,0A0D.LON,0A0D.LON
2023-11-13,65.6,65.76,64.78,65.2465,129693.0,0.005808567019733424,14.760000228881836,0A0D.LON,0A0D.LON
2023-11-14,65.55,67.0705,65.3,66.2197,129567.0,0.014915742606883109,14.15999984741211,0A0D.LON,0A0D.LON
2023-11-15,63.32,64.98,61.36,61.9725,648329.0,-0.0641380133102386,14.180000305175781,0A0D.LON,0A0D.LON
2023-11-16,62.86,62.96,62.04,62.5063,332591.0,0.008613497922465685,14.319999694824219,0A0D.LON,0A0D.LON
2023-11-17,62.16,62.96,62.1,62.6053,164391.0,0.0015838403488928066,13.800000190734863,0A0D.LON,0A0D.LON
2023-11-20,62.65,63.26,62.14,63.04,128696.0,0.006943501588523748,13.40999984741211,0A0D.LON,0A0D.LON
2023-11-21,63.05,63.58,62.98,62.98,232285.0,-0.0009517766497462166,13.350000381469727,0A0D.LON,0A0D.LON
2023-11-22,64.14,65.02,63.06,65.0,182701.0,0.03207367418228024,12.850000381469727,0A0D.LON,0A0D.LON
2023-11-23,64.4,64.86,64.14,64.7,758357.0,-0.004615384615384577,,0A0D.LON,0A0D.LON
2023-11-24,64.73,64.9,64.48,64.48,52329.0,-0.0034003091190107915,12.460000038146973,0A0D.LON,0A0D.LON
2023-11-27,64.63,64.84,64.48,64.74,93668.0,0.004032258064516014,12.6899995803833,0A0D.LON,0A0D.LON
2023-11-28,64.44,64.8,64.04,64.7903,70058.0,0.0007769539697251027,12.6899995803833,0A0D.LON,0A0D.LON
2023-11-29,64.86,65.52,64.32,65.42,187412.0,0.009719047450004181,12.979999542236328,0A0D.LON,0A0D.LON
2023-11-30,65.2,65.94,65.2,65.92,299178.0,0.0076429226536227635,12.920000076293945,0A0D.LON,0A0D.LON
2023-12-01,65.95,66.04,65.4,65.9487,283239.0,0.0004353762135922423,12.630000114440918,0A0D.LON,0A0D.LON
2023-12-04,65.83,66.14,63.58,64.6741,1363208.0,-0.019327143673795066,13.079999923706055,0A0D.LON,0A0D.LON
2023-12-05,63.7,63.82,63.0175,63.1757,40920.0,-0.023168470840722932,12.850000381469727,0A0D.LON,0A0D.LON
2023-12-06,63.26,63.42,62.64,63.2133,103040.0,0.0005951655462463901,12.970000267028809,0A0D.LON,0A0D.LON
2023-12-07,62.98,63.58,62.5,62.92,72670.0,-0.004639846361445987,13.0600004196167,0A0D.LON,0A0D.LON
2023-12-08,63.01,63.52,62.92,63.1,69482.0,0.0028607755880483143,12.350000381469727,0A0D.LON,0A0D.LON
2023-12-11,63.28,63.8,63.1064,63.5864,85173.0,0.007708399366085583,12.630000114440918,0A0D.LON,0A0D.LON
2023-12-12,64.33,64.36,63.36,64.18,84295.0,0.009335329567329076,12.069999694824219,0A0D.LON,0A0D.LON
2023-12-13,64.08,65.0,64.08,64.9465,92974.0,0.011942972888750347,12.1899995803833,0A0D.LON,0A0D.LON
2023-12-14,66.06,67.38,66.02,66.8393,165246.0,0.02914398774375826,12.479999542236328,0A0D.LON,0A0D.LON
2023-12-15,66.71,66.88,65.5,65.8248,637411.0,-0.01517819606129922,12.279999732971191,0A0D.LON,0A0D.LON
2023-12-18,65.62,66.12,65.16,65.5418,326230.0,-0.004299291452461662,12.5600004196167,0A0D.LON,0A0D.LON
2023-12-19,65.2,65.4,64.86,64.9498,31257.0,-0.009032403748447493,12.529999732971191,0A0D.LON,0A0D.LON
2023-12-20,65.07,65.66,64.92,65.353,66748.0,0.00620787130984235,13.670000076293945,0A0D.LON,0A0D.LON
2023-12-21,64.73,65.74,64.6,65.0826,30561.0,-0.004137530029225789,13.649999618530273,0A0D.LON,0A0D.LON
2023-12-22,65.87,66.24,65.06,65.72,173220.0,0.009793708302987314,13.029999732971191,0A0D.LON,0A0D.LON
2023-12-27,66.16,66.58,65.4469,66.209,68484.0,0.007440657334145007,12.430000305175781,0A0D.LON,0A0D.LON
2023-12-28,65.49,65.74,65.32,65.4862,23028.0,-0.010916944826232178,12.470000267028809,0A0D.LON,0A0D.LON
2023-12-29,65.76,65.76,65.14,65.22,22051.0,-0.004064978575638811,12.449999809265137,0A0D.LON,0A0D.LON
2024-01-03,62.42,66.3,62.36,64.2558,238328.0,-0.014783808647654162,14.039999961853027,0A0D.LON,0A0D.LON
2024-01-04,63.57,64.3815,62.96,64.3815,709202.0,0.0019562436387066118,14.130000114440918,0A0D.LON,0A0D.LON
2024-01-05,63.64,64.38,63.5,64.0728,80888.0,-0.004794855665059106,13.350000381469727,0A0D.LON,0A0D.LON
2024-01-08,63.95,65.08,63.68,64.3096,422597.0,0.003695796032013643,13.079999923706055,0A0D.LON,0A0D.LON
2024-01-09,65.85,66.36,65.08,65.5491,48064.0,0.019273949767997234,12.760000228881836,0A0D.LON,0A0D.LON
2024-01-10,68.86,70.24,66.28,69.5876,177155.0,0.06161030433674908,12.6899995803833,0A0D.LON,0A0D.LON
2024-01-11,68.16,68.98,67.52,67.84,126612.0,-0.025113669676781414,12.4399995803833,0A0D.LON,0A0D.LON
2024-01-12,68.12,68.82,67.42,68.0952,119421.0,0.0037617924528301483,12.699999809265137,0A0D.LON,0A0D.LON
2024-01-15,68.0,68.34,67.52,68.14,102680.0,0.0006579024659594257,,0A0D.LON,0A0D.LON
2024-01-16,67.66,67.9,67.08,67.558,113622.0,-0.008541238626357361,13.84000015258789,0A0D.LON,0A0D.LON
2024-01-17,66.37,67.82,66.32,66.8534,216720.0,-0.0104295568252466,14.789999961853027,0A0D.LON,0A0D.LON
2024-01-18,66.42,67.52,66.4,66.8794,157821.0,0.00038891066123802887,14.130000114440918,0A0D.LON,0A0D.LON
2024-01-19,67.91,68.52,66.96,67.3,103340.0,0.006288932017930682,13.300000190734863,0A0D.LON,0A0D.LON
2024-01-22,67.91,68.72,67.8824,68.5238,100161.0,0.018184249628528937,13.1899995803833,0A0D.LON,0A0D.LON
2024-01-23,68.65,68.92,66.4,66.8627,828729.0,-0.024241212542211454,12.550000190734863,0A0D.LON,0A0D.LON
2024-01-24,67.51,67.8,66.38,66.7753,167399.0,-0.0013071563068796088,13.140000343322754,0A0D.LON,0A0D.LON
2024-01-25,66.14,66.88,65.72,66.0661,537415.0,-0.010620693579811658,13.449999809265137,0A0D.LON,0A0D.LON
2024-01-26,65.97,66.88,65.66,66.3903,59314.0,0.004907206570389233,13.260000228881836,0A0D.LON,0A0D.LON
2024-01-29,65.55,66.34,64.42,65.033,230189.0,-0.020444251645195033,13.600000381469727,0A0D.LON,0A0D.LON
2024-01-30,65.72,66.62,64.62,66.56,96446.0,0.02348038688050691,13.3100004196167,0A0D.LON,0A0D.LON
2024-01-31,65.53,65.6464,64.862,64.9065,177083.0,-0.024842247596153944,14.350000381469727,0A0D.LON,0A0D.LON
2024-02-01,65.15,65.3,64.6,64.9477,139196.0,0.0006347592305855354,13.880000114440918,0A0D.LON,0A0D.LON
2024-02-02,65.43,65.54,64.68,64.8859,64310.0,-0.000951534850348712,13.850000381469727,0A0D.LON,0A0D.LON
2024-02-05,64.77,65.74,64.7,65.6911,115468.0,0.012409475710439377,13.670000076293945,0A0D.LON,0A0D.LON
2024-02-06,65.78,66.78,65.64,66.14,96429.0,0.006833497992878801,13.0600004196167,0A0D.LON,0A0D.LON
2024-02-07,67.05,67.3139,66.5667,66.5667,108358.0,0.006451466586029575,12.829999923706055,0A0D.LON,0A0D.LON
2024-02-08,66.88,66.88,66.0268,66.094,175891.0,-0.007101148171683502,12.789999961853027,0A0D.LON,0A0D.LON
2024-02-09,67.34,68.12,66.94,67.5178,160082.0,0.02154204617665756,12.930000305175781,0A0D.LON,0A0D.LON
2024-02-12,67.66,67.98,66.84,67.395,242917.0,-0.0018187796403318357,13.930000305175781,0A0D.LON,0A0D.LON
2024-02-13,67.64,67.64,66.44,66.7055,36590.0,-0.010230729282587614,15.850000381469727,0A0D.LON,0A0D.LON
2024-02-14,66.46,67.96,66.36,67.7842,107435.0,0.016171080345698696,14.380000114440918,0A0D.LON,0A0D.LON
2024-02-15,67.95,68.48,67.86,68.3053,73948.0,0.007687632221078156,14.010000228881836,0A0D.LON,0A0D.LON
2024-02-16,68.54,68.92,67.96,68.3991,129563.0,0.0013732462927473765,14.239999771118164,0A0D.LON,0A0D.LON
2024-02-19,68.25,68.88,67.7,68.42,98045.0,0.0003055595760763641,,0A0D.LON,0A0D.LON
2024-02-20,68.52,69.08,67.94,68.4604,76454.0,0.0005904706226249612,15.420000076293945,0A0D.LON,0A0D.LON
2024-02-21,68.96,69.6043,68.82,68.82,337461.0,0.005252671617460347,15.34000015258789,0A0D.LON,0A0D.LON
2024-02-22,70.21,71.04,70.0,70.7041,224298.0,0.02737721592560316,14.539999961853027,0A0D.LON,0A0D.LON
2024-02-23,70.61,70.82,70.34,70.4894,166162.0,-0.003036599009109686,13.75,0A0D.LON,0A0D.LON
2024-02-26,70.23,70.94,70.18,70.386,242169.0,-0.001466887219922497,13.739999771118164,0A0D.LON,0A0D.LON
2024-02-27,70.37,71.28,70.18,71.28,84996.0,0.012701389480862746,13.430000305175781,0A0D.LON,0A0D.LON
2024-02-28,72.96,75.64,72.94,74.3007,201313.0,0.0423779461279461,13.84000015258789,0A0D.LON,0A0D.LON
2024-02-29,75.03,76.16,74.86,75.3,360767.0,0.013449402226358487,13.399999618530273,0A0D.LON,0A0D.LON
2024-03-01,75.01,76.28,74.86,75.617,139683.0,0.004209827357237739,13.109999656677246,0A0D.LON,0A0D.LON
2024-03-04,76.29,76.34,75.72,76.1676,28386.0,0.007281431424150497,13.489999771118164,0A0D.LON,0A0D.LON
2024-03-05,76.25,76.74,75.06,75.7647,89989.0,-0.00528965071762777,14.460000038146973,0A0D.LON,0A0D.LON
2024-03-06,75.2,75.9676,74.8,75.9676,119604.0,0.0026780281582319265,14.5,0A0D.LON,0A0D.LON
2024-03-07,75.81,76.62,75.08,75.8351,87450.0,-0.0017441646175475611,14.4399995803833,0A0D.LON,0A0D.LON
2024-03-08,76.33,76.98,76.22,76.7885,71787.0,0.01257201480580905,14.739999771118164,0A0D.LON,0A0D.LON
2024-03-11,76.2,77.28,76.2,77.2,2569957.0,0.005358875352429182,15.220000267028809,0A0D.LON,0A0D.LON
2024-03-12,77.34,77.92,76.68,77.0496,43393.0,-0.0019481865284974864,13.84000015258789,0A0D.LON,0A0D.LON
2024-03-13,77.24,77.78,76.8,76.9485,85289.0,-0.0013121417891851506,13.75,0A0D.LON,0A0D.LON
2024-03-14,77.03,77.52,76.48,76.9,149753.0,-0.0006302916885967402,14.399999618530273,0A0D.LON,0A0D.LON
2024-03-15,76.67,77.38,75.52,76.0385,688774.0,-0.011202860858257613,14.40999984741211,0A0D.LON,0A0D.LON
2024-03-18,75.26,75.98,74.46,74.6,817126.0,-0.018918048094057727,14.329999923706055,0A0D.LON,0A0D.LON
2024-03-19,74.94,75.5,74.66,74.7471,45716.0,0.0019718498659517802,13.819999694824219,0A0D.LON,0A0D.LON
2024-03-20,75.24,75.5486,74.84,75.0553,30729.0,0.004123236888120108,13.039999961853027,0A0D.LON,0A0D.LON
2024-03-21,75.43,75.86,75.02,75.6809,42698.0,0.0083351875217339,12.920000076293945,0A0D.LON,0A0D.LON
2024-03-22,75.51,75.6,74.76,75.1601,214246.0,-0.0068815249290110625,13.0600004196167,0A0D.LON,0A0D.LON
2024-03-25,74.86,75.2479,74.38,74.7602,13574.0,-0.005320642202445214,13.1899995803833,0A0D.LON,0A0D.LON
2024-03-26,74.69,75.22,74.42,74.74,153748.0,-0.00027019724398813505,13.239999771118164,0A0D.LON,0A0D.LON
2024-03-27,75.09,75.74,74.92,75.2491,43877.0,0.006811613593791899,12.779999732971191,0A0D.LON,0A0D.LON
2024-03-28,75.3,75.3504,74.62,74.7512,177852.0,-0.006616690432177941,13.010000228881836,0A0D.LON,0A0D.LON
2024-04-02,74.42,75.2,73.76,74.1597,33566.0,-0.007912916448163942,14.609999656677246,0A0D.LON,0A0D.LON
2024-04-03,74.42,75.0,73.98,74.5048,1080161.0,0.004653470820405126,14.329999923706055,0A0D.LON,0A0D.LON
2024-04-04,76.14,76.2,75.141,76.1895,55548.0,0.02261196594044934,16.350000381469727,0A0D.LON,0A0D.LON
2024-04-05,75.57,76.16,75.42,75.8756,80232.0,-0.004119990287375419,16.030000686645508,0A0D.LON,0A0D.LON
2024-04-08,76.61,76.96,75.6,76.1876,34413.0,0.004111993842552675,15.1899995803833,0A0D.LON,0A0D.LON
2024-04-09,75.55,76.64,74.54,75.1938,69168.0,-0.013044117415432543,14.979999542236328,0A0D.LON,0A0D.LON
2024-04-10,75.66,75.96,74.48,75.16,37849.0,-0.0004495051453710097,15.800000190734863,0A0D.LON,0A0D.LON
2024-04-11,74.92,75.34,74.56,74.5808,90429.0,-0.007706226716338471,14.90999984741211,0A0D.LON,0A0D.LON
2024-04-12,75.41,75.7,74.06,74.1911,98001.0,-0.005225205414798317,17.309999465942383,0A0D.LON,0A0D.LON
2024-04-15,74.9,75.34,73.64,74.82,65566.0,0.008476757993883144,19.229999542236328,0A0D.LON,0A0D.LON
2024-04-16,73.74,75.28,72.28,73.1719,331945.0,-0.022027532745255263,18.399999618530273,0A0D.LON,0A0D.LON
2024-04-17,72.42,72.94,72.0,72.0764,92793.0,-0.014971594286877665,18.209999084472656,0A0D.LON,0A0D.LON
2024-04-18,72.1,72.5,71.92,72.08,268079.0,4.994700068250424e-05,18.0,0A0D.LON,0A0D.LON
2024-04-19,71.41,72.48,70.84,72.48,57150.0,0.005549389567147678,18.709999084472656,0A0D.LON,0A0D.LON
2024-04-22,72.94,73.34,71.8,73.1891,100488.0,0.00978338852097127,16.940000534057617,0A0D.LON,0A0D.LON
2024-04-23,73.38,74.0466,73.3,73.7174,83881.0,0.007218287969110282,15.6899995803833,0A0D.LON,0A0D.LON
2024-04-24,73.97,74.52,72.7995,72.8073,40322.0,-0.01234579624349208,15.970000267028809,0A0D.LON,0A0D.LON
2024-04-25,72.94,73.02,71.44,71.6,30120.0,-0.0165821284404174,15.369999885559082,0A0D.LON,0A0D.LON
2024-04-26,72.16,72.16,71.46,71.7367,45347.0,0.0019092178770949708,15.029999732971191,0A0D.LON,0A0D.LON
2024-04-29,72.27,72.42,72.02,72.15,1574.0,0.005761346702594539,14.670000076293945,0A0D.LON,0A0D.LON
2024-04-30,71.78,72.02,70.98,71.4,53653.0,-0.01039501039501034,15.649999618530273,0A0D.LON,0A0D.LON
2024-05-01,71.1,71.1,71.1,71.1,1090.0,-0.004201680672269115,15.390000343322754,0A0D.LON,0A0D.LON
2024-05-02,71.89,71.9,70.98,71.2,18081.0,0.0014064697609001975,14.680000305175781,0A0D.LON,0A0D.LON
2024-05-03,71.45,72.26,70.78,71.63,4428.0,0.006039325842696508,13.489999771118164,0A0D.LON,0A0D.LON
2024-05-07,72.8,73.38,70.0,73.32,16200.0,0.023593466424682408,13.229999542236328,0A0D.LON,0A0D.LON
2024-05-08,73.56,73.56,72.82,72.94,14499.0,-0.005182760501909356,13.0,0A0D.LON,0A0D.LON
2024-05-10,74.06,74.18,73.12,73.6,43704.0,0.0090485330408554,12.550000190734863,0A0D.LON,0A0D.LON
2024-05-13,74.67,74.74,74.08,74.18,1701782.0,0.007880434782608914,13.600000381469727,0A0D.LON,0A0D.LON
2024-05-14,79.51,81.74,73.6,81.094,179109.0,0.09320571582636816,13.420000076293945,0A0D.LON,0A0D.LON
2024-05-15,80.42,81.3,79.68,80.396,67246.0,-0.008607295237625379,12.449999809265137,0A0D.LON,0A0D.LON
2024-05-16,81.2,81.7,80.46,81.0071,36080.0,0.007601124434051254,12.420000076293945,0A0D.LON,0A0D.LON
2024-05-17,80.483,80.483,79.42,79.9007,282537.0,-0.013658062071102317,11.989999771118164,0A0D.LON,0A0D.LON
2024-05-21,80.63,80.92,79.48,80.7836,29162.0,0.011049965770012049,11.859999656677246,0A0D.LON,0A0D.LON
2024-05-22,81.4,83.02,81.4,82.6214,26468.0,0.022749667011620955,12.289999961853027,0A0D.LON,0A0D.LON
2024-05-23,83.2,83.36,82.04,82.9163,22664.0,0.0035692931855428878,12.770000457763672,0A0D.LON,0A0D.LON
2024-05-24,82.23,82.3,81.58,81.9291,31075.0,-0.011905982297811146,11.930000305175781,0A0D.LON,0A0D.LON
2024-05-28,82.4,82.56,80.86,81.5884,19402.0,-0.004158473607058011,12.920000076293945,0A0D.LON,0A0D.LON
2024-05-29,80.21,80.56,79.98,80.0844,24522.0,-0.01843399306764182,14.279999732971191,0A0D.LON,0A0D.LON
2024-05-30,79.76,80.38,79.76,80.2,15834.0,0.0014434771316260697,14.470000267028809,0A0D.LON,0A0D.LON
2024-05-31,79.82,81.2,79.82,80.62,105963.0,0.0052369077306733125,12.920000076293945,0A0D.LON,0A0D.LON
2024-06-03,80.67,81.12,79.66,80.0,26455.0,-0.007690399404614245,13.109999656677246,0A0D.LON,0A0D.LON
2024-06-04,80.35,80.42,79.74,79.82,239148.0,-0.0022500000000000853,13.15999984741211,0A0D.LON,0A0D.LON
2024-06-05,80.63,81.28,79.52,80.6309,16892.0,0.010159107992984362,12.630000114440918,0A0D.LON,0A0D.LON
2024-06-06,81.7,82.1,81.5,81.94,25741.0,0.016235711123155028,12.579999923706055,0A0D.LON,0A0D.LON
2024-06-07,82.25,82.74,81.5,82.1632,12336.0,0.0027239443495241655,12.220000267028809,0A0D.LON,0A0D.LON
2024-06-10,81.62,82.26,81.14,81.5514,5717.0,-0.007446155943293342,12.739999771118164,0A0D.LON,0A0D.LON
2024-06-11,82.14,82.52,80.82,81.0621,38132.0,-0.005999896997476384,12.850000381469727,0A0D.LON,0A0D.LON
2024-06-12,81.2,82.1,81.08,81.7944,24470.0,0.00903381481604848,12.039999961853027,0A0D.LON,0A0D.LON
2024-06-13,82.58,82.9,81.56,81.7,10533.0,-0.0011541132400261223,11.9399995803833,0A0D.LON,0A0D.LON
2024-06-14,81.6,81.6,80.38,80.44,13613.0,-0.015422276621787079,12.65999984741211,0A0D.LON,0A0D.LON
2024-06-17,80.7,80.7,78.52,78.56,19211.0,-0.023371456986573835,12.75,0A0D.LON,0A0D.LON
2024-06-18,78.75,78.82,78.278,78.72,460948.0,0.0020366598778003286,12.300000190734863,0A0D.LON,0A0D.LON
2024-06-19,78.6,78.6,78.26,78.26,4602.0,-0.005843495934959253,,0A0D.LON,0A0D.LON
2024-06-20,78.88,79.88,78.66,79.4867,14347.0,0.015674674163046243,13.279999732971191,0A0D.LON,0A0D.LON
2024-06-21,79.76,80.08,79.122,79.42,50100.0,-0.0008391340941313885,13.199999809265137,0A0D.LON,0A0D.LON
2024-06-24,79.3,80.84,78.7,80.8,17539.0,0.017375975824729162,13.329999923706055,0A0D.LON,0A0D.LON
2024-06-25,79.81,80.66,78.86,80.08,72416.0,-0.008910891089108919,12.84000015258789,0A0D.LON,0A0D.LON
2024-06-26,80.67,81.12,79.36,80.14,7849.0,0.0007492507492508071,12.550000190734863,0A0D.LON,0A0D.LON
2024-06-27,80.77,80.7804,80.32,80.32,8117.0,0.00224606937858729,12.239999771118164,0A0D.LON,0A0D.LON
2024-06-28,80.65,80.82,80.12,80.22,18620.0,-0.0012450199203186685,12.4399995803833,0A0D.LON,0A0D.LON
2024-07-01,80.54,80.84,80.18,80.18,7372.0,-0.0004986287708800274,12.220000267028809,0A0D.LON,0A0D.LON
2024-07-02,79.28,80.68,78.94,80.24,17284.0,0.0007483162883510364,12.029999732971191,0A0D.LON,0A0D.LON
2024-07-03,80.46,80.94,79.18,80.6378,18040.0,0.0049576271186440035,12.09000015258789,0A0D.LON,0A0D.LON
2024-07-04,79.64,80.86,79.02,80.74,6590.0,0.0012673956878783699,,0A0D.LON,0A0D.LON
2024-07-05,80.94,80.98,79.778,80.4551,52289.0,-0.0035286103542233604,12.479999542236328,0A0D.LON,0A0D.LON
2024-07-08,80.06,81.3,79.66,80.5919,58617.0,0.001700327263280954,12.369999885559082,0A0D.LON,0A0D.LON
2024-07-09,80.35,81.28,80.12,80.6835,34014.0,0.0011365906499287703,12.510000228881836,0A0D.LON,0A0D.LON
2024-07-10,79.95,80.12,79.1,79.584,17520.0,-0.013627321571324846,12.850000381469727,0A0D.LON,0A0D.LON
2024-07-11,79.83,81.06,79.5,80.496,34456.0,0.011459589867309994,12.920000076293945,0A0D.LON,0A0D.LON
2024-07-12,81.34,81.84,80.96,81.7667,40578.0,0.01578587755913352,12.460000038146973,0A0D.LON,0A0D.LON
2024-07-15,81.74,82.32,80.7,81.3181,18304.0,-0.005486341016575191,13.119999885559082,0A0D.LON,0A0D.LON
2024-07-16,80.29,80.64,79.76,80.48,9954.0,-0.010306438541972773,13.1899995803833,0A0D.LON,0A0D.LON
2024-07-17,79.74,81.02,76.68,78.4337,46152.0,-0.02542619284294234,14.479999542236328,0A0D.LON,0A0D.LON
2024-07-18,80.35,80.44,79.42,79.64,7965.0,0.01537986860239915,15.930000305175781,0A0D.LON,0A0D.LON
2024-07-19,79.66,80.08,79.16,79.96,6994.0,0.004018081366147674,16.520000457763672,0A0D.LON,0A0D.LON
2024-07-22,80.31,80.94,80.28,80.604,109238.0,0.00805402701350677,14.90999984741211,0A0D.LON,0A0D.LON
2024-07-23,80.86,81.24,80.24,80.54,12401.0,-0.0007940052602847247,14.720000267028809,0A0D.LON,0A0D.LON
2024-07-24,80.48,81.16,80.14,80.79,13529.0,0.0031040476781722948,18.040000915527344,0A0D.LON,0A0D.LON
2024-07-25,81.51,82.14,80.5,81.47,31358.0,0.008416883277633236,18.459999084472656,0A0D.LON,0A0D.LON
2024-07-26,81.2,83.04,81.2,82.1257,24975.0,0.008048361360009748,16.389999389648438,0A0D.LON,0A0D.LON
2024-07-29,82.84,83.66,82.72,83.1581,24485.0,0.012570973519860473,16.600000381469727,0A0D.LON,0A0D.LON
2024-07-30,83.01,83.4,82.76,83.0943,9668.0,-0.0007672132961190625,17.690000534057617,0A0D.LON,0A0D.LON
2024-07-31,83.03,84.06,80.7,83.38,10518.0,0.0034382623116144817,16.360000610351562,0A0D.LON,0A0D.LON
2024-08-02,81.17,81.72,78.96,81.005,33035.0,-0.028484048932597705,23.389999389648438,0A0D.LON,0A0D.LON
2024-08-05,76.9,77.42,75.94,76.7553,54457.0,-0.052462193691747316,38.56999969482422,0A0D.LON,0A0D.LON
2024-08-06,77.07,77.74,76.02,77.0227,59685.0,0.0034837985129365645,27.709999084472656,0A0D.LON,0A0D.LON
2024-08-07,78.22,80.3,78.22,79.3901,30910.0,0.03073639329704103,27.850000381469727,0A0D.LON,0A0D.LON
2024-08-08,78.35,79.86,77.58,79.0971,8337.0,-0.00369063648994028,23.790000915527344,0A0D.LON,0A0D.LON
2024-08-09,80.48,80.84,79.86,80.568,11343.0,0.01859613057874432,20.3700008392334,0A0D.LON,0A0D.LON
2024-08-12,80.54,80.74,79.56,80.3407,10170.0,-0.002821219342667103,20.709999084472656,0A0D.LON,0A0D.LON
2024-08-13,79.43,80.16,78.92,79.2039,24214.0,-0.014149739795645266,18.1200008392334,0A0D.LON,0A0D.LON
2024-08-14,80.71,81.04,80.142,80.69,19182.0,0.01876296495500851,16.190000534057617,0A0D.LON,0A0D.LON
2024-08-15,81.26,82.36,81.14,81.8165,12684.0,0.013960837774197543,15.229999542236328,0A0D.LON,0A0D.LON
2024-08-16,82.1,82.3,81.64,82.24,8869.0,0.005176217511137615,14.800000190734863,0A0D.LON,0A0D.LON
2024-08-19,82.02,83.1,82.02,83.0,17170.0,0.009241245136186738,14.649999618530273,0A0D.LON,0A0D.LON
2024-08-20,82.84,83.16,82.5159,82.845,9705.0,-0.0018674698795181355,15.880000114440918,0A0D.LON,0A0D.LON
2024-08-21,80.54,81.82,79.86,80.48,46426.0,-0.02854728710242016,16.270000457763672,0A0D.LON,0A0D.LON
2024-08-22,80.4,82.3,80.34,81.5462,29247.0,0.013248011928429282,17.549999237060547,0A0D.LON,0A0D.LON
2024-08-23,81.83,82.4,81.42,81.66,14650.0,0.0013955279338582205,15.859999656677246,0A0D.LON,0A0D.LON
2024-08-27,80.73,81.36,80.457,81.18,30355.0,-0.005878030859661876,15.430000305175781,0A0D.LON,0A0D.LON
2024-08-28,81.22,82.239,81.2,81.7467,6269.0,0.006980783444197947,17.110000610351562,0A0D.LON,0A0D.LON
2024-08-29,81.48,82.56,81.48,81.518,10956.0,-0.0027976664501442317,15.649999618530273,0A0D.LON,0A0D.LON
2024-08-30,82.4,83.22,82.12,82.836,33289.0,0.01616820824848486,15.0,0A0D.LON,0A0D.LON
2024-09-02,82.36,82.36,81.24,81.76,4520.0,-0.012989521464097709,,0A0D.LON,0A0D.LON
2024-09-03,82.21,82.72,81.32,81.6059,44121.0,-0.0018847847358121061,20.719999313354492,0A0D.LON,0A0D.LON
2024-09-04,80.63,80.72,80.14,80.16,9312.0,-0.01771808165831157,21.31999969482422,0A0D.LON,0A0D.LON
2024-09-05,79.52,80.04,79.52,79.66,17917.0,-0.006237524950099771,19.899999618530273,0A0D.LON,0A0D.LON
2024-09-06,79.74,80.22,78.82,79.4,13930.0,-0.0032638714536780133,22.3799991607666,0A0D.LON,0A0D.LON
2024-09-09,80.16,82.02,80.06,81.4617,24505.0,0.02596599496221641,19.450000762939453,0A0D.LON,0A0D.LON
2024-09-10,82.21,82.86,81.78,82.02,33858.0,0.006853527485922939,19.079999923706055,0A0D.LON,0A0D.LON
2024-09-11,82.8,83.34,81.85,83.0966,30548.0,0.013126066812972459,17.690000534057617,0A0D.LON,0A0D.LON
2024-09-12,83.66,84.84,83.58,83.9729,13945.0,0.010545557820657026,17.06999969482422,0A0D.LON,0A0D.LON
2024-09-13,85.05,85.56,83.28,83.7255,22827.0,-0.0029461885917956288,16.559999465942383,0A0D.LON,0A0D.LON
2024-09-16,83.05,83.66,82.8,83.4465,11629.0,-0.0033323181109696787,17.139999389648438,0A0D.LON,0A0D.LON
2024-09-17,83.34,84.4,82.92,83.0,10202.0,-0.005350733703630484,17.610000610351562,0A0D.LON,0A0D.LON
2024-09-18,82.44,82.44,81.4,81.5881,501370.0,-0.01701084337349401,18.229999542236328,0A0D.LON,0A0D.LON
2024-09-19,82.86,83.9,82.56,82.8848,40640.0,0.01589324913804835,16.329999923706055,0A0D.LON,0A0D.LON
2024-09-20,82.73,83.04,82.3,83.0,45291.0,0.0013898808949288632,16.149999618530273,0A0D.LON,0A0D.LON
2024-09-23,82.61,83.64,82.38,83.18,14319.0,0.0021686746987952255,15.890000343322754,0A0D.LON,0A0D.LON
2024-09-24,83.41,83.44,82.7,83.38,12827.0,0.002404424140418193,15.390000343322754,0A0D.LON,0A0D.LON
2024-09-25,82.88,84.04,82.86,83.5928,12507.0,0.0025521707843607633,15.40999984741211,0A0D.LON,0A0D.LON
2024-09-26,85.13,85.3,83.64,84.62,13897.0,0.012288139648390928,15.369999885559082,0A0D.LON,0A0D.LON
2024-09-27,83.78,84.76,83.62,84.68,34098.0,0.0007090522335144733,16.959999084472656,0A0D.LON,0A0D.LON
2024-09-30,84.0,84.66,84.0,84.409,15723.0,-0.003200283419933836,16.729999542236328,0A0D.LON,0A0D.LON
2024-10-01,84.71,85.22,83.622,84.96,14486.0,0.006527739932945309,19.260000228881836,0A0D.LON,0A0D.LON
2024-10-02,84.16,84.42,83.22,84.0,16827.0,-0.011299435028248483,18.899999618530273,0A0D.LON,0A0D.LON
2024-10-03,84.35,84.56,83.64,83.86,6990.0,-0.0016666666666667052,20.489999771118164,0A0D.LON,0A0D.LON
2024-10-04,83.32,83.48,82.58,83.0287,135859.0,-0.00991295015502025,19.209999084472656,0A0D.LON,0A0D.LON
2024-10-07,83.5,83.5,82.28,82.7039,16564.0,-0.0039119003428934596,22.639999389648438,0A0D.LON,0A0D.LON
2024-10-08,81.34,82.14,81.06,81.6396,20651.0,-0.012868800624879828,21.420000076293945,0A0D.LON,0A0D.LON
2024-10-09,82.16,82.64,81.86,82.1946,10141.0,0.006798171475607351,20.860000610351562,0A0D.LON,0A0D.LON
2024-10-10,82.82,83.18,82.14,82.14,10104.0,-0.0006642772152913867,20.93000030517578,0A0D.LON,0A0D.LON
2024-10-11,82.46,82.92,82.083,82.84,9486.0,0.008522035549062501,20.459999084472656,0A0D.LON,0A0D.LON
2024-10-14,82.86,83.6,82.78,83.48,11656.0,0.007725736359246671,19.700000762939453,0A0D.LON,0A0D.LON
2024-10-15,84.12,85.22,83.54,84.0791,83786.0,0.007176569238140695,20.639999389648438,0A0D.LON,0A0D.LON
2024-10-16,83.38,83.66,82.48,82.9133,11933.0,-0.013865514735528661,19.579999923706055,0A0D.LON,0A0D.LON
2024-10-17,82.65,82.66,81.52,81.92,140194.0,-0.011979983910904601,19.110000610351562,0A0D.LON,0A0D.LON
2024-10-18,82.06,82.38,81.68,81.9467,12588.0,0.0003259277343750089,18.030000686645508,0A0D.LON,0A0D.LON
2024-10-21,82.29,82.62,81.78,82.2232,14757.0,0.0033741444133807974,18.3700008392334,0A0D.LON,0A0D.LON
2024-10-22,81.55,81.74,81.14,81.4727,19412.0,-0.009127594158339747,18.200000762939453,0A0D.LON,0A0D.LON
2024-10-23,82.29,82.32,81.58,81.8287,8740.0,0.004369561828686086,19.239999771118164,0A0D.LON,0A0D.LON
2024-10-24,82.08,82.42,81.64,81.8838,28723.0,0.0006733578805480089,19.079999923706055,0A0D.LON,0A0D.LON
2024-10-25,81.57,81.96,81.34,81.7036,71606.0,-0.0022006794994858803,20.329999923706055,0A0D.LON,0A0D.LON
2024-10-28,82.02,82.32,81.68,81.74,15244.0,0.00044551280482130196,19.799999237060547,0A0D.LON,0A0D.LON
2024-10-29,82.61,82.74,81.94,82.0881,15370.0,0.0042586249082456895,19.34000015258789,0A0D.LON,0A0D.LON
2024-10-30,81.81,81.917,80.88,81.14,29843.0,-0.0115497861443985,20.350000381469727,0A0D.LON,0A0D.LON
2024-10-31,80.67,80.72,79.32,79.5014,34062.0,-0.0201947251663791,23.15999984741211,0A0D.LON,0A0D.LON
2024-11-01,79.66,80.54,79.6,80.2,11762.0,0.008787266639329605,21.8799991607666,0A0D.LON,0A0D.LON
2024-11-04,79.93,80.18,79.3,79.8,40378.0,-0.004987531172069848,21.979999542236328,0A0D.LON,0A0D.LON
2024-11-05,79.78,80.0,79.3,79.715,10923.0,-0.0010651629072681024,20.489999771118164,0A0D.LON,0A0D.LON
2024-11-06,81.13,82.04,79.64,80.4964,22778.0,0.009802421125258531,16.270000457763672,0A0D.LON,0A0D.LON
2024-11-07,80.56,81.28,80.56,81.0,13761.0,0.006256180400614264,15.199999809265137,0A0D.LON,0A0D.LON
2024-11-08,81.0,81.0,80.04,80.8067,17325.0,-0.0023864197530862885,14.9399995803833,0A0D.LON,0A0D.LON
2024-11-11,81.51,82.2,81.38,81.7715,47598.0,0.011939604017983552,14.970000267028809,0A0D.LON,0A0D.LON
2024-11-12,80.61,81.18,76.52,80.2884,43709.0,-0.018137126015787985,14.710000038146973,0A0D.LON,0A0D.LON
2024-11-13,76.65,77.322,73.64,75.1383,43095.0,-0.06414500724886774,14.020000457763672,0A0D.LON,0A0D.LON
2024-11-14,76.73,76.84,75.16,75.7814,334560.0,0.008558884084415075,14.3100004196167,0A0D.LON,0A0D.LON
2024-11-15,75.34,76.0,74.56,75.315,50786.0,-0.0061545445188397885,16.139999389648438,0A0D.LON,0A0D.LON
2024-11-18,75.83,76.82,74.74,75.3327,85414.0,0.0002350129456283323,15.579999923706055,0A0D.LON,0A0D.LON
2024-11-19,76.44,76.72,74.98,75.4418,21831.0,0.0014482422639836567,16.350000381469727,0A0D.LON,0A0D.LON
2024-11-20,75.78,75.94,75.28,75.4292,29136.0,-0.00016701616345327075,17.15999984741211,0A0D.LON,0A0D.LON
2024-11-21,75.17,76.12,75.14,75.255,25182.0,-0.0023094504515492886,16.8700008392334,0A0D.LON,0A0D.LON
2024-11-22,76.06,77.06,75.92,76.84,32573.0,0.02106172347352353,15.239999771118164,0A0D.LON,0A0D.LON
2024-11-25,77.01,77.28,76.02,76.838,31966.0,-2.6028110359344048e-05,14.600000381469727,0A0D.LON,0A0D.LON
2024-11-26,77.13,78.26,77.0,77.7918,16669.0,0.012413128920586214,14.100000381469727,0A0D.LON,0A0D.LON
2024-11-27,77.4,78.08,77.4,77.8353,87973.0,0.0005591849012365202,14.100000381469727,0A0D.LON,0A0D.LON
2024-11-28,78.21,78.619,77.84,78.04,22839.0,0.002629912134982426,,0A0D.LON,0A0D.LON
2024-11-29,78.12,78.38,77.58,78.38,10922.0,0.004356740133264925,13.510000228881836,0A0D.LON,0A0D.LON
2024-12-02,78.18,78.7,77.96,78.06,17304.0,-0.0040826741515691545,13.34000015258789,0A0D.LON,0A0D.LON
2024-12-03,78.04,78.52,76.86,78.38,351010.0,0.004099410709710316,13.300000190734863,0A0D.LON,0A0D.LON
2024-12-04,77.7,78.12,77.32,77.608,295835.0,-0.009849451390660735,13.449999809265137,0A0D.LON,0A0D.LON
2024-12-05,77.92,77.92,76.84,77.5,45969.0,-0.0013916091124627217,13.539999961853027,0A0D.LON,0A0D.LON
2024-12-06,76.61,76.775,75.862,76.54,26109.0,-0.012387096774193473,12.770000457763672,0A0D.LON,0A0D.LON
2024-12-09,76.52,76.58,75.6,76.4,9894.0,-0.0018291089626338852,14.1899995803833,0A0D.LON,0A0D.LON
2024-12-10,76.25,76.66,76.06,76.4429,21147.0,0.0005615183246072686,14.180000305175781,0A0D.LON,0A0D.LON
2024-12-11,75.83,76.7,75.52,76.18,19655.0,-0.0034391683204063606,13.579999923706055,0A0D.LON,0A0D.LON
2024-12-12,76.48,77.0,76.02,76.17,391080.0,-0.00013126804935681413,13.920000076293945,0A0D.LON,0A0D.LON
2024-12-13,76.48,76.56,75.1,76.1473,15314.0,-0.00029801759222791713,13.8100004196167,0A0D.LON,0A0D.LON
2024-12-16,75.05,75.6,74.88,74.9874,17320.0,-0.015232319465036892,14.6899995803833,0A0D.LON,0A0D.LON
2024-12-17,75.34,76.48,75.0,76.38,51772.0,0.018571119948151305,15.869999885559082,0A0D.LON,0A0D.LON
2024-12-18,76.18,76.64,76.0,76.568,18759.0,0.0024613773239068326,27.6200008392334,0A0D.LON,0A0D.LON
2024-12-19,76.21,76.86,75.54,76.3,22815.0,-0.003500156723435399,24.09000015258789,0A0D.LON,0A0D.LON
2024-12-20,75.3,76.06,74.76,74.9356,276415.0,-0.017882044560943666,18.360000610351562,0A0D.LON,0A0D.LON
2024-12-23,75.89,76.62,75.38,76.2,19135.0,0.01687315508249765,16.780000686645508,0A0D.LON,0A0D.LON
2024-12-27,76.77,77.22,76.6,77.1503,10838.0,0.012471128608923854,15.949999809265137,0A0D.LON,0A0D.LON
2024-12-30,77.01,77.2,76.34,76.7826,31802.0,-0.00476602164865203,17.399999618530273,0A0D.LON,0A0D.LON
2025-01-03,75.85,76.94,75.3,76.22,12954.0,-0.007327180897755525,16.1299991607666,0A0D.LON,0A0D.LON
2025-01-06,76.84,76.92,75.82,76.3884,6878.0,0.002209393859879283,16.040000915527344,0A0D.LON,0A0D.LON
2025-01-07,76.33,77.34,76.1,77.0224,43579.0,0.008299689481648942,17.81999969482422,0A0D.LON,0A0D.LON
2025-01-08,77.05,77.601,75.92,76.34,68703.0,-0.00885976027752966,17.700000762939453,0A0D.LON,0A0D.LON
2025-01-09,76.35,76.76,76.1,76.4067,14511.0,0.0008737228189676927,,0A0D.LON,0A0D.LON
2025-01-10,77.11,77.44,76.26,76.9,21258.0,0.00645624009412793,19.540000915527344,0A0D.LON,0A0D.LON
2025-01-13,76.42,76.5,75.9,76.0348,15555.0,-0.011250975292587784,19.190000534057617,0A0D.LON,0A0D.LON
2025-01-14,76.88,77.078,75.7,75.7,384241.0,-0.004403246934298499,18.709999084472656,0A0D.LON,0A0D.LON
2025-01-15,75.03,76.03,73.82,75.96,36767.0,0.003434610303830743,16.1200008392334,0A0D.LON,0A0D.LON
2025-01-16,76.18,76.46,76.1,76.44,17080.0,0.006319115323854652,16.600000381469727,0A0D.LON,0A0D.LON
2025-01-17,76.56,77.4,76.52,77.3258,34430.0,0.011588173731030826,15.970000267028809,0A0D.LON,0A0D.LON
2025-01-20,77.17,77.98,77.16,77.5504,19603.0,0.0029045932922775464,,0A0D.LON,0A0D.LON
2025-01-21,78.21,79.66,78.2,79.46,97679.0,0.024623986465575953,15.0600004196167,0A0D.LON,0A0D.LON
2025-01-22,80.37,80.9411,80.06,80.6512,187780.0,0.014991190536118859,15.100000381469727,0A0D.LON,0A0D.LON
2025-01-23,80.69,81.24,80.4,80.9421,34165.0,0.0036068899160830448,15.020000457763672,0A0D.LON,0A0D.LON
2025-01-24,80.77,80.96,80.04,80.56,23189.0,-0.004720658347139417,14.850000381469727,0A0D.LON,0A0D.LON
2025-01-27,80.5,81.67,80.38,81.5133,15788.0,0.011833416087388304,17.899999618530273,0A0D.LON,0A0D.LON
2025-01-28,82.9,83.5,82.6,82.9571,268808.0,0.017712446925838954,16.40999984741211,0A0D.LON,0A0D.LON
2025-01-29,82.77,83.1,82.36,82.84,137724.0,-0.0014115729696432266,16.559999465942383,0A0D.LON,0A0D.LON
2025-01-30,83.3,84.06,82.96,83.92,116471.0,0.013037180106228785,15.84000015258789,0A0D.LON,0A0D.LON
2025-01-31,83.46,84.16,83.46,83.7413,671396.0,-0.00212940896091518,16.43000030517578,0A0D.LON,0A0D.LON
2025-02-03,81.53,83.16,80.92,82.961,449623.0,-0.00931798288299801,18.6200008392334,0A0D.LON,0A0D.LON
2025-02-04,82.84,83.18,82.38,82.8,466153.0,-0.0019406709176601478,17.209999084472656,0A0D.LON,0A0D.LON
2025-02-05,82.8,83.94,82.4,83.3595,283483.0,0.006757246376811521,15.770000457763672,0A0D.LON,0A0D.LON
2025-02-06,84.31,84.5,83.4,84.0,459695.0,0.0076835873535709975,15.5,0A0D.LON,0A0D.LON
2025-02-07,83.01,83.48,82.3,83.1998,44864.0,-0.009526190476190521,16.540000915527344,0A0D.LON,0A0D.LON
2025-02-10,81.89,82.42,81.5,82.1466,97178.0,-0.012658684275683285,15.8100004196167,0A0D.LON,0A0D.LON
2025-02-11,81.66,82.42,81.26,82.2126,40967.0,0.0008034416518758469,16.020000457763672,0A0D.LON,0A0D.LON
2025-02-12,81.91,82.04,80.22,81.4463,50103.0,-0.00932095566859581,15.890000343322754,0A0D.LON,0A0D.LON
2025-02-13,81.01,81.999,80.4,81.0592,27553.0,-0.004752824867427896,15.100000381469727,0A0D.LON,0A0D.LON
2025-02-14,82.06,82.2,80.84,81.2137,20386.0,0.0019060143697444687,14.770000457763672,0A0D.LON,0A0D.LON
2025-02-17,81.32,81.84,81.18,81.5113,36176.0,0.0036644063747865996,,0A0D.LON,0A0D.LON
2025-02-18,82.0,82.04,81.24,81.28,44769.0,-0.0028376433696923886,15.350000381469727,0A0D.LON,0A0D.LON
2025-02-19,81.49,81.84,80.68,81.1033,13557.0,-0.002173966535433003,15.270000457763672,0A0D.LON,0A0D.LON
2025-02-20,80.56,81.22,79.76,80.56,77696.0,-0.006698864287889683,15.65999984741211,0A0D.LON,0A0D.LON
2025-02-21,81.17,81.36,80.7,81.1747,41511.0,0.007630337636544082,18.209999084472656,0A0D.LON,0A0D.LON
2025-02-24,81.36,81.66,80.16,81.03,50837.0,-0.0017825751126890887,18.979999542236328,0A0D.LON,0A0D.LON
2025-02-25,80.4,81.37,80.1,81.0807,65356.0,0.0006256941873379329,19.43000030517578,0A0D.LON,0A0D.LON
2025-02-26,86.06,86.98,83.08,84.7114,99499.0,0.04477884379389918,19.100000381469727,0A0D.LON,0A0D.LON
2025-02-27,83.22,83.72,82.56,83.1354,64282.0,-0.0186043436892791,21.1299991607666,0A0D.LON,0A0D.LON
2025-02-28,82.69,83.58,82.32,83.3449,384078.0,0.0025199854694870627,19.6299991607666,0A0D.LON,0A0D.LON
2025-03-03,83.22,84.34,82.62,83.587,54783.0,0.002904796814202193,22.780000686645508,0A0D.LON,0A0D.LON
2025-03-04,84.0,84.36,82.62,83.7287,81489.0,0.001695239690382433,23.510000228881836,0A0D.LON,0A0D.LON
2025-03-05,83.07,84.0,82.74,83.6416,64100.0,-0.001040264568779925,21.93000030517578,0A0D.LON,0A0D.LON
2025-03-06,84.02,84.2,81.18,82.6942,62745.0,-0.011326899533246615,24.8700008392334,0A0D.LON,0A0D.LON
2025-03-07,80.52,80.9,80.02,80.58,14164.0,-0.025566484711140536,23.3700008392334,0A0D.LON,0A0D.LON
2025-03-10,81.95,82.0,79.74,81.1323,18888.0,0.006854058078927805,27.860000610351562,0A0D.LON,0A0D.LON
2025-03-11,79.83,80.18,77.55,79.3967,75458.0,-0.02139221986804274,26.920000076293945,0A0D.LON,0A0D.LON
2025-03-12,78.36,79.64,78.36,78.7593,128649.0,-0.008028041467718405,24.229999542236328,0A0D.LON,0A0D.LON
2025-03-13,78.04,78.2691,77.08,77.6627,184459.0,-0.013923435073699197,24.65999984741211,0A0D.LON,0A0D.LON
2025-03-14,77.15,78.5,77.12,78.2521,262741.0,0.007589228806106352,21.770000457763672,0A0D.LON,0A0D.LON
2025-03-17,78.42,78.98,78.16,78.6847,20036.0,0.005528286141841754,20.510000228881836,0A0D.LON,0A0D.LON
2025-03-18,79.2,79.9,78.9,79.49,24456.0,0.01023451827356503,21.700000762939453,0A0D.LON,0A0D.LON
2025-03-19,79.36,79.88,79.04,79.6575,602879.0,0.0021071832934960177,19.899999618530273,0A0D.LON,0A0D.LON
2025-03-20,79.74,81.06,79.74,80.78,194917.0,0.014091579575055801,19.799999237060547,0A0D.LON,0A0D.LON
2025-03-21,80.65,80.68,79.42,79.7465,109362.0,-0.012794008417925329,19.280000686645508,0A0D.LON,0A0D.LON
2025-03-24,80.84,81.76,80.06,81.5846,69998.0,0.023049287429542265,17.479999542236328,0A0D.LON,0A0D.LON
2025-03-25,82.06,82.28,81.24,81.6406,48210.0,0.0006864040517451375,17.149999618530273,0A0D.LON,0A0D.LON
2025-03-26,81.89,81.92,80.1,80.7702,74693.0,-0.01066136211639801,18.329999923706055,0A0D.LON,0A0D.LON
2025-03-27,80.71,84.96,79.66,84.6,139773.0,0.04741600243654198,18.690000534057617,0A0D.LON,0A0D.LON
2025-03-28,84.84,85.09,84.39,84.6437,74249.0,0.000516548463356914,21.649999618530273,0A0D.LON,0A0D.LON
2025-03-31,83.89,84.24,82.98,83.22,23796.0,-0.016819916898717757,22.280000686645508,0A0D.LON,0A0D.LON
2025-04-01,83.83,84.02,81.32,83.2911,20166.0,0.0008543619322278762,21.770000457763672,0A0D.LON,0A0D.LON
2025-04-02,82.12,82.24,80.76,81.78,227900.0,-0.018142394565565767,21.510000228881836,0A0D.LON,0A0D.LON
2025-04-03,80.2,80.2,78.29,79.111,93189.0,-0.032636341403766145,30.020000457763672,0A0D.LON,0A0D.LON
2025-04-04,77.01,77.32,71.62,73.2466,222634.0,-0.0741287557988144,45.310001373291016,0A0D.LON,0A0D.LON
2025-04-07,68.5,73.64,67.38,68.3758,105960.0,-0.06649864976667863,46.97999954223633,0A0D.LON,0A0D.LON
2025-04-08,71.57,73.64,70.92,73.0554,39872.0,0.06843941862471814,52.33000183105469,0A0D.LON,0A0D.LON
2025-04-09,69.76,71.74,69.62,70.52,236323.0,-0.03470516895397202,33.619998931884766,0A0D.LON,0A0D.LON
2025-04-10,77.83,78.0,72.4,74.7719,415098.0,0.06029353374929114,40.720001220703125,0A0D.LON,0A0D.LON
2025-04-11,72.56,72.84,70.8,72.0559,81649.0,-0.03632380613572761,37.560001373291016,0A0D.LON,0A0D.LON
2025-04-14,73.38,74.72,72.92,73.8918,34871.0,0.02547882963088388,30.889999389648438,0A0D.LON,0A0D.LON
2025-04-15,74.68,75.66,74.68,75.2032,62684.0,0.017747571449064692,30.1200008392334,0A0D.LON,0A0D.LON
2025-04-16,74.75,75.74,74.34,75.0012,25097.0,-0.0026860559125143624,32.63999938964844,0A0D.LON,0A0D.LON
2025-04-17,75.72,76.06,74.72,75.5141,18789.0,0.0068385572497506875,29.649999618530273,0A0D.LON,0A0D.LON
2025-04-22,75.01,75.68,74.62,75.4164,14648.0,-0.001293798111875799,30.56999969482422,0A0D.LON,0A0D.LON
2025-04-23,76.94,78.62,76.45,77.94,146759.0,0.0334622177669579,28.450000762939453,0A0D.LON,0A0D.LON
2025-04-24,77.68,77.94,76.94,77.5361,108045.0,-0.005182191429304539,26.469999313354492,0A0D.LON,0A0D.LON
2025-04-25,78.31,79.18,78.2,78.8134,63268.0,0.01647361680559123,24.84000015258789,0A0D.LON,0A0D.LON
2025-04-28,78.6,79.1,78.6,78.9414,21047.0,0.0016240893046106653,25.149999618530273,0A0D.LON,0A0D.LON
2025-04-29,78.88,79.5,78.82,79.1647,56303.0,0.002828680514913584,24.170000076293945,0A0D.LON,0A0D.LON
2025-04-30,79.51,80.32,78.54,80.0043,291516.0,0.010605737153049244,24.700000762939453,0A0D.LON,0A0D.LON
2025-05-02,79.83,81.9,79.78,81.44,46181.0,0.017945285440907455,22.68000030517578,0A0D.LON,0A0D.LON
2025-05-06,80.37,80.58,79.26,79.514,23366.0,-0.02364931237721024,24.760000228881836,0A0D.LON,0A0D.LON
2025-05-07,79.28,79.47,78.18,78.7097,19526.0,-0.010115199839021982,23.549999237060547,0A0D.LON,0A0D.LON
2025-05-08,79.51,79.66,78.72,79.56,56114.0,0.010802988704060601,22.479999542236328,0A0D.LON,0A0D.LON
2025-05-09,80.06,80.42,79.78,79.93,10680.0,0.004650578179989928,21.899999618530273,0A0D.LON,0A0D.LON
2025-05-12,79.95,80.81,79.04,80.65,165464.0,0.009007881896659464,18.389999389648438,0A0D.LON,0A0D.LON
2025-05-13,79.55,80.24,79.0,79.64,72457.0,-0.012523248605083803,18.219999313354492,0A0D.LON,0A0D.LON
2025-05-14,73.6,74.36,72.3,73.97,127242.0,-0.07119537920642893,18.6200008392334,0A0D.LON,0A0D.LON
2025-05-15,72.92,73.78,72.17,72.77,209751.0,-0.016222793024199045,17.829999923706055,0A0D.LON,0A0D.LON
2025-05-16,72.98,75.06,72.98,73.28,66553.0,0.007008382575237171,17.239999771118164,0A0D.LON,0A0D.LON
2025-05-19,74.52,74.76,73.62,74.0681,21276.0,0.010754639737991178,18.139999389648438,0A0D.LON,0A0D.LON
2025-05-20,73.85,74.58,73.52,74.1841,271149.0,0.0015661263080868348,18.09000015258789,0A0D.LON,0A0D.LON
2025-05-21,73.24,73.96,73.06,73.4066,375226.0,-0.010480682518221651,20.8700008392334,0A0D.LON,0A0D.LON
2025-05-22,72.86,73.04,71.6,72.98,56479.0,-0.005811466543880206,20.280000686645508,0A0D.LON,0A0D.LON
2025-05-23,71.49,71.9,69.7,71.72,91110.0,-0.0172650041107153,22.290000915527344,0A0D.LON,0A0D.LON
2025-05-27,72.25,72.68,71.88,72.25,19137.0,0.00738984941438936,18.959999084472656,0A0D.LON,0A0D.LON
2025-05-28,71.57,71.74,70.5,71.68,166027.0,-0.007889273356401327,19.309999465942383,0A0D.LON,0A0D.LON
2025-05-29,71.68,71.68,71.68,71.68,0.0,0.0,19.18000030517578,0A0D.LON,0A0D.LON
2025-05-30,71.28,72.56,70.64,71.17,209073.0,-0.007114955357142905,18.56999969482422,0A0D.LON,0A0D.LON
2025-06-02,70.0,70.22,69.14,69.4603,119010.0,-0.024022762399887543,18.360000610351562,0A0D.LON,0A0D.LON
2025-06-03,69.62,70.24,69.44,69.72,91409.0,0.0037388263511675124,17.690000534057617,0A0D.LON,0A0D.LON
2025-06-04,70.44,70.91,69.99,70.35,91585.0,0.009036144578313143,17.610000610351562,0A0D.LON,0A0D.LON
2025-06-05,70.99,71.9,70.99,71.01,73107.0,0.009381663113006589,18.479999542236328,0A0D.LON,0A0D.LON
2025-06-06,71.68,72.14,71.36,71.76,60928.0,0.01056189269117036,16.770000457763672,0A0D.LON,0A0D.LON
2025-06-09,71.76,71.76,71.76,71.76,0.0,0.0,17.15999984741211,0A0D.LON,0A0D.LON
2025-06-10,72.23,73.3,72.09,72.12,131694.0,0.0050167224080266415,16.950000762939453,0A0D.LON,0A0D.LON
2025-06-11,73.07,73.72,73.02,73.09,35129.0,0.013449805879090393,17.260000228881836,0A0D.LON,0A0D.LON
2025-06-12,72.31,72.84,72.26,72.46,87411.0,-0.00861951019291296,18.020000457763672,0A0D.LON,0A0D.LON
2025-06-13,71.09,71.86,70.82,71.13,41814.0,-0.0183549544576318,20.81999969482422,0A0D.LON,0A0D.LON
2025-06-16,70.61,70.82,69.67,70.3147,49677.0,-0.011462111626599047,19.110000610351562,0A0D.LON,0A0D.LON
2025-06-17,69.62,70.62,69.48,69.9756,45808.0,-0.004822604661614216,21.600000381469727,0A0D.LON,0A0D.LON
2025-06-18,69.7,70.05,69.18,69.76,400000.0,-0.0030810739743567517,20.139999389648438,0A0D.LON,0A0D.LON
2025-06-19,69.22,69.77,68.76,69.13,56205.0,-0.009030963302752437,,0A0D.LON,0A0D.LON
2025-06-20,69.74,70.46,69.22,69.6,203614.0,0.0067987848980182175,20.6200008392334,0A0D.LON,0A0D.LON
2025-06-23,69.81,70.3,69.26,69.58,214701.0,-0.0002873563218390718,19.829999923706055,0A0D.LON,0A0D.LON
2025-06-24,70.16,70.54,69.1534,69.472,91555.0,-0.0015521701638402385,17.479999542236328,0A0D.LON,0A0D.LON
2025-06-25,70.88,71.7,70.38,70.86,68912.0,0.019979272224781353,16.760000228881836,0A0D.LON,0A0D.LON
2025-06-26,70.4,70.65,69.75,70.65,196615.0,-0.002963590177815334,16.59000015258789,0A0D.LON,0A0D.LON
2025-06-27,70.18,71.22,69.76,70.5,143916.0,-0.002123142250530896,16.31999969482422,0A0D.LON,0A0D.LON
2025-06-30,70.42,70.6,69.78,70.2,110398.0,-0.004255319148936176,16.729999542236328,0A0D.LON,0A0D.LON
2025-07-01,70.04,70.7,69.36,69.36,87179.0,-0.011965811965812034,16.829999923706055,0A0D.LON,0A0D.LON
2025-07-02,70.58,71.0,69.88,70.61,36196.0,0.018021914648212123,16.639999389648438,0A0D.LON,0A0D.LON
2025-07-03,70.88,70.998,69.44,70.73,43994.0,0.0016994759949016114,16.3799991607666,0A0D.LON,0A0D.LON
2025-07-04,69.51,70.02,69.12,69.64,160151.0,-0.015410716810405845,,0A0D.LON,0A0D.LON
2025-07-07,70.0,70.1,69.58,69.64,116415.0,0.0,17.790000915527344,0A0D.LON,0A0D.LON
2025-07-08,69.6,69.66,68.96,69.2451,103179.0,-0.005670591614015064,16.809999465942383,0A0D.LON,0A0D.LON
2025-07-09,69.41,69.5,68.46,69.07,66292.0,-0.0025286987815744677,15.9399995803833,0A0D.LON,0A0D.LON
2025-07-10,69.72,71.26,69.48,69.55,91475.0,0.006949471550600883,15.779999732971191,0A0D.LON,0A0D.LON
2025-07-11,70.61,70.76,69.88,70.48,83947.0,0.01337167505391812,16.399999618530273,0A0D.LON,0A0D.LON
2025-07-14,69.22,70.0,69.0,69.6266,53867.0,-0.01210839954597065,17.200000762939453,0A0D.LON,0A0D.LON
2025-07-15,69.01,69.72,68.66,69.2583,155388.0,-0.0052896450494493985,17.3799991607666,0A0D.LON,0A0D.LON
2025-07-16,68.82,70.95,68.7,69.03,192016.0,-0.003296355815837315,17.15999984741211,0A0D.LON,0A0D.LON
2025-07-17,69.3,70.0,69.12,69.43,61483.0,0.00579458206576855,16.520000457763672,0A0D.LON,0A0D.LON
2025-07-18,70.18,70.82,70.08,70.21,39041.0,0.011234336742042217,16.40999984741211,0A0D.LON,0A0D.LON
2025-07-21,70.27,70.4,69.64,70.18,36080.0,-0.0004272895598915749,16.649999618530273,0A0D.LON,0A0D.LON
2025-07-22,69.49,70.1,69.26,69.6,18269.0,-0.00826446280991755,16.5,0A0D.LON,0A0D.LON
2025-07-23,70.67,71.98,70.64,70.96,157969.0,0.019540229885057547,15.369999885559082,0A0D.LON,0A0D.LON
2025-07-24,73.01,73.5,72.66,72.75,83311.0,0.025225479143179408,15.390000343322754,0A0D.LON,0A0D.LON
2025-07-25,73.01,73.56,72.34,73.01,42608.0,0.0035738831615121924,14.930000305175781,0A0D.LON,0A0D.LON
2025-07-28,73.26,73.56,72.6,72.7526,26352.0,-0.003525544445966311,15.029999732971191,0A0D.LON,0A0D.LON
2025-07-29,72.63,73.72,72.52,73.1203,51607.0,0.005054114904484486,15.979999542236328,0A0D.LON,0A0D.LON
2025-07-30,73.28,74.18,72.88,73.3,76139.0,0.002457593855605067,15.479999542236328,0A0D.LON,0A0D.LON
2025-07-31,72.54,73.08,71.6,72.8,95768.0,-0.006821282401091366,16.719999313354492,0A0D.LON,0A0D.LON
2025-08-01,72.8,86.94,72.8,72.8,906.0,0.0,20.3799991607666,0A0D.LON,0A0D.LON
2025-08-04,70.18,71.52,69.48,69.9924,151733.0,-0.038565934065934004,17.520000457763672,0A0D.LON,0A0D.LON
2025-08-05,70.84,71.26,70.26,70.9502,83280.0,0.013684342871511657,17.850000381469727,0A0D.LON,0A0D.LON
2025-08-06,69.45,70.1,67.54,67.78,56630.0,-0.044682044589021475,16.770000457763672,0A0D.LON,0A0D.LON
2025-08-07,68.06,69.04,67.88,68.16,17935.0,0.005606373561522604,16.56999969482422,0A0D.LON,0A0D.LON
2025-08-08,69.45,69.6,68.8,69.24,72826.0,0.015845070422535246,15.149999618530273,0A0D.LON,0A0D.LON
2025-08-11,69.41,69.61,69.0,69.3286,8816.0,0.0012796071634892936,16.25,0A0D.LON,0A0D.LON
2025-08-12,69.13,69.4,68.68,69.18,137935.0,-0.002143415560100559,14.729999542236328,0A0D.LON,0A0D.LON
2025-08-13,69.36,70.12,69.22,69.28,38579.0,0.0014455044810637308,14.489999771118164,0A0D.LON,0A0D.LON
2025-08-14,70.0,70.32,69.08,70.04,80697.0,0.010969976905311762,14.829999923706055,0A0D.LON,0A0D.LON
2025-08-15,70.16,70.54,69.86,70.27,21153.0,0.0032838378069672824,15.09000015258789,0A0D.LON,0A0D.LON
2025-08-18,70.75,71.58,70.68,71.1455,320940.0,0.012459086381101603,14.989999771118164,0A0D.LON,0A0D.LON
2025-08-19,71.11,72.84,71.02,72.0688,118290.0,0.012977630349073399,15.569999694824219,0A0D.LON,0A0D.LON
2025-08-20,66.63,70.02,63.62,66.1254,486666.0,-0.0824684190662256,15.6899995803833,0A0D.LON,0A0D.LON
2025-08-21,64.67,64.96,62.82,64.46,956402.0,-0.025185480919586167,16.600000381469727,0A0D.LON,0A0D.LON
2025-08-22,64.0,65.92,63.88,65.87,477967.0,0.02187403040645375,14.220000267028809,0A0D.LON,0A0D.LON
2025-08-26,65.28,65.75,64.87,65.3347,309525.0,-0.008126613025656648,14.619999885559082,0A0D.LON,0A0D.LON
2025-08-27,65.41,65.88,65.32,65.32,268245.0,-0.00022499529346586833,14.850000381469727,0A0D.LON,0A0D.LON
2025-08-28,65.13,65.52,63.76,65.3,349461.0,-0.0003061849357011148,14.430000305175781,0A0D.LON,0A0D.LON
2025-08-29,63.7,64.04,63.38,63.64,73374.0,-0.0254211332312404,15.359999656677246,0A0D.LON,0A0D.LON
2025-09-01,63.95,64.61,63.72,64.1164,668898.0,0.0074858579509742285,,0A0D.LON,0A0D.LON
2025-09-02,64.1,64.14,62.82,63.283,740816.0,-0.012998234461073843,17.170000076293945,0A0D.LON,0A0D.LON
2025-09-03,63.15,63.44,62.58,63.22,77394.0,-0.000995528024903991,16.350000381469727,0A0D.LON,0A0D.LON
2025-09-04,63.07,63.82,63.05,63.05,735180.0,-0.002689022461246471,15.300000190734863,0A0D.LON,0A0D.LON
2025-09-05,63.64,64.56,63.5,63.87,704311.0,0.013005551149881,15.180000305175781,0A0D.LON,0A0D.LON
2025-09-08,63.87,63.96,63.0,63.2682,140430.0,-0.009422263973696499,15.109999656677246,0A0D.LON,0A0D.LON
2025-09-09,63.53,63.82,62.96,63.04,488657.0,-0.0036068672729744344,15.039999961853027,0A0D.LON,0A0D.LON
2025-09-10,63.05,63.7833,63.04,63.22,431305.0,0.0028553299492386497,15.350000381469727,0A0D.LON,0A0D.LON
2025-09-11,62.5,62.7,61.72,62.48,270541.0,-0.0117051565960139,14.710000038146973,0A0D.LON,0A0D.LON
2025-09-12,63.51,63.52,62.5,63.2,151196.0,0.011523687580025754,14.760000228881836,0A0D.LON,0A0D.LON
2025-09-15,62.63,62.83,61.92,62.0293,30686.0,-0.0185237341772152,15.6899995803833,0A0D.LON,0A0D.LON
2025-09-16,61.57,61.64,61.08,61.4399,186749.0,-0.009501961169963158,16.360000610351562,0A0D.LON,0A0D.LON
2025-09-17,61.2,61.62,60.88,61.22,647973.0,-0.0035791073878701507,15.720000267028809,0A0D.LON,0A0D.LON
2025-09-18,61.11,61.58,61.0,61.2,63204.0,-0.00032669062397905346,15.699999809265137,0A0D.LON,0A0D.LON
2025-09-19,61.55,61.96,61.2795,61.6,1239450.0,0.006535947712418277,15.449999809265137,0A0D.LON,0A0D.LON
2025-09-22,61.36,62.06,61.36,61.6321,377270.0,0.000521103896103936,16.100000381469727,0A0D.LON,0A0D.LON
2025-09-23,61.6,61.64,60.5,60.7521,70399.0,-0.014278273821596299,16.639999389648438,0A0D.LON,0A0D.LON
2025-09-24,60.1,60.26,59.48,59.93,782578.0,-0.013532042513756726,16.18000030517578,0A0D.LON,0A0D.LON
2025-09-25,59.3,59.3,58.56,58.88,392164.0,-0.017520440513932867,16.739999771118164,0A0D.LON,0A0D.LON
2025-09-26,58.86,59.28,58.62,58.86,1171823.0,-0.00033967391304357,15.289999961853027,0A0D.LON,0A0D.LON
2025-09-29,59.03,59.38,58.663,58.9846,239409.0,0.0021168875297314926,16.1200008392334,0A0D.LON,0A0D.LON
2025-09-30,59.05,59.28,58.74,59.0356,136344.0,0.0008646324633887481,16.280000686645508,0A0D.LON,0A0D.LON
2025-10-01,59.38,59.97,59.09,59.47,445283.0,0.007358271957937257,16.290000915527344,0A0D.LON,0A0D.LON
2025-10-02,60.18,60.56,59.72,60.21,279803.0,0.012443248696822007,16.6299991607666,0A0D.LON,0A0D.LON
2025-10-03,60.1,61.4,59.94,60.08,1078483.0,-0.00215910978242817,16.649999618530273,0A0D.LON,0A0D.LON
2025-10-06,61.97,62.2,61.22,61.7009,3823057.0,0.02697902796271645,16.3700008392334,0A0D.LON,0A0D.LON
2025-10-07,61.34,61.5,60.48,61.3214,80064.0,-0.0061506396178986344,17.239999771118164,0A0D.LON,0A0D.LON
2025-10-08,60.29,61.34,59.76,60.0447,184920.0,-0.020819811680750866,16.299999237060547,0A0D.LON,0A0D.LON
2025-10-09,61.57,61.6,60.58,60.6273,46630.0,0.009702771435280644,16.43000030517578,0A0D.LON,0A0D.LON
2025-10-10,60.08,60.72,57.84,59.6704,341002.0,-0.01578331873594896,21.65999984741211,0A0D.LON,0A0D.LON
2025-10-13,58.37,58.88,58.24,58.637,1898463.0,-0.017318469458894148,19.030000686645508,0A0D.LON,0A0D.LON
2025-10-14,57.85,59.22,57.7,58.723,971606.0,0.0014666507495266767,20.809999465942383,0A0D.LON,0A0D.LON
2025-10-15,59.43,60.0,59.2553,59.62,466426.0,0.015275105154709312,20.639999389648438,0A0D.LON,0A0D.LON
2025-10-16,58.82,60.24,58.74,58.96,138930.0,-0.011070110701106972,25.309999465942383,0A0D.LON,0A0D.LON
2025-10-17,59.66,60.2,59.34,59.68,276471.0,0.012211668928086894,20.780000686645508,0A0D.LON,0A0D.LON
2025-10-20,59.7,60.14,59.16,59.929,506666.0,0.004172252010723909,18.229999542236328,0A0D.LON,0A0D.LON
2025-10-21,60.06,60.2609,59.66,60.2609,440785.0,0.0055382202272689085,17.8700008392334,0A0D.LON,0A0D.LON
2025-10-22,60.71,61.18,60.23,60.46,146960.0,0.0033039665852983013,18.600000381469727,0A0D.LON,0A0D.LON
2025-10-23,60.61,61.07,60.36,60.73,2012145.0,0.004465762487595004,17.299999237060547,0A0D.LON,0A0D.LON
2025-10-24,61.01,61.28,60.82,61.03,56525.0,0.0049398979087766914,16.3700008392334,0A0D.LON,0A0D.LON
2025-10-27,60.5,60.68,60.24,60.4575,383602.0,-0.00938063247583154,15.789999961853027,0A0D.LON,0A0D.LON
2025-10-28,60.65,60.74,59.4576,59.4689,669228.0,-0.01635198279783323,16.420000076293945,0A0D.LON,0A0D.LON
2025-10-29,59.55,60.01,59.2771,59.45,226809.0,-0.0003178131762987535,16.920000076293945,0A0D.LON,0A0D.LON
2025-10-30,59.01,59.82,59.0,59.03,119735.0,-0.007064760302775475,16.90999984741211,0A0D.LON,0A0D.LON
2025-10-31,59.85,60.14,59.5,59.91,81765.0,0.014907674064035259,17.440000534057617,0A0D.LON,0A0D.LON
2025-11-03,59.41,59.68,58.58,58.9609,43790.0,-0.01584209647805035,17.170000076293945,0A0D.LON,0A0D.LON
2025-11-04,59.36,60.87,58.96,59.9062,178917.0,0.016032658931596888,19.0,0A0D.LON,0A0D.LON
2025-11-05,59.85,60.34,59.7,59.89,108292.0,-0.0002704227609161558,18.010000228881836,0A0D.LON,0A0D.LON
2025-11-06,59.87,60.34,59.12,59.81,129637.0,-0.0013357822674903153,19.5,0A0D.LON,0A0D.LON
2025-11-07,60.14,60.28,58.14,58.14,314713.0,-0.02792175221534865,19.079999923706055,0A0D.LON,0A0D.LON
2025-11-10,59.74,59.901,59.36,59.5496,235916.0,0.024244926040591697,17.600000381469727,0A0D.LON,0A0D.LON
2025-11-11,59.85,61.8,59.7,61.2197,1085491.0,0.028045528433440436,17.280000686645508,0A0D.LON,0A0D.LON
2025-11-12,66.63,66.82,61.7,65.93,889829.0,0.07694091934459002,17.510000228881836,0A0D.LON,0A0D.LON
2025-11-13,64.14,64.54,62.8673,64.29,357963.0,-0.024874867283482538,20.0,0A0D.LON,0A0D.LON
2025-11-14,61.89,62.32,61.4,62.08,103634.0,-0.034375486078706,19.829999923706055,0A0D.LON,0A0D.LON
2025-11-17,61.87,62.0,61.22,61.4054,178939.0,-0.010866623711340173,22.3799991607666,0A0D.LON,0A0D.LON
2025-11-18,60.71,60.78,59.73,59.952,153984.0,-0.023668928139870427,24.690000534057617,0A0D.LON,0A0D.LON
2025-11-19,60.31,60.94,60.14,60.18,59076.0,0.0038030424339472457,23.65999984741211,0A0D.LON,0A0D.LON
2025-11-20,61.17,61.36,60.69,61.07,68503.0,0.01478896643403127,26.420000076293945,0A0D.LON,0A0D.LON
2025-11-21,60.35,61.5,60.32,60.4,130384.0,-0.010971016865891636,23.43000030517578,0A0D.LON,0A0D.LON
2025-11-24,62.25,62.46,61.4606,61.58,351532.0,0.01953642384105958,20.520000457763672,0A0D.LON,0A0D.LON
2025-11-25,61.87,63.75,61.82,62.8806,140010.0,0.021120493666775042,18.559999465942383,0A0D.LON,0A0D.LON
2025-11-26,64.23,64.64,63.94,64.21,321456.0,0.02114165577300464,17.190000534057617,0A0D.LON,0A0D.LON
2025-11-27,63.43,64.0384,63.38,63.38,160554.0,-0.012926335461765914,,0A0D.LON,0A0D.LON
2025-11-28,63.81,63.94,63.62,63.76,232243.0,0.005995582202587446,16.350000381469727,0A0D.LON,0A0D.LON
2025-12-01,63.74,63.99,63.36,63.6735,94360.0,-0.0013566499372648089,17.239999771118164,0A0D.LON,0A0D.LON
2025-12-02,63.38,63.81,63.38,63.556,55025.0,-0.001845351676914242,16.59000015258789,0A0D.LON,0A0D.LON
2025-12-03,63.64,64.3209,63.64,63.76,83778.0,0.003209767763861837,16.079999923706055,0A0D.LON,0A0D.LON
2025-12-04,63.93,64.28,63.36,63.91,74926.0,0.0023525721455457393,15.779999732971191,0A0D.LON,0A0D.LON
2025-12-05,63.85,65.66,63.82,64.29,1983778.0,0.005945861367548266,15.40999984741211,0A0D.LON,0A0D.LON
2025-12-08,65.09,65.14,64.2374,64.2374,94384.0,-0.0008181676777105906,16.65999984741211,0A0D.LON,0A0D.LON
2025-12-09,63.68,64.6984,63.45,63.8263,128944.0,-0.006399698617938987,16.93000030517578,0A0D.LON,0A0D.LON
2025-12-10,63.28,64.0754,63.2,63.53,55113.0,-0.0046422869569441305,15.770000457763672,0A0D.LON,0A0D.LON
2025-12-11,63.47,63.84,62.86,62.86,91231.0,-0.010546198646308902,14.850000381469727,0A0D.LON,0A0D.LON
2025-12-12,62.86,63.28,62.4875,62.54,108129.0,-0.005090677696468315,15.739999771118164,0A0D.LON,0A0D.LON
2025-12-15,62.98,63.44,62.77,63.212,548583.0,0.010745123121202571,16.5,0A0D.LON,0A0D.LON
2025-12-16,63.09,63.28,62.46,62.4863,508516.0,-0.011480415111054909,16.479999542236328,0A0D.LON,0A0D.LON
2025-12-17,62.98,63.44,62.641,62.9,5556.0,0.006620651246753262,17.6200008392334,0A0D.LON,0A0D.LON
